millis, accelx, accely, accelz, v_x, v_y, v_z, p_x, p_y, p_z
24.064, 0.0033786371, 0.0025982922, 0.0013909005, 0.08130352, 0.0625253, 0.033470627, 250.00212, 249.99837, 250.00087
1.785, 0.0033786371, 0.0031968425, -0.0051931543, 0.08733439, 0.068231665, 0.024200846, 250.0044, 249.9966, 250.0015
0.048, 0.0021815363, 8.026408E-4, -4.0475093E-4, 0.0, 0.0, 0.0, 250.0044, 249.9966, 250.0015
0.035, 0.0033786371, -0.0015915609, 0.003186551, 0.0, 0.0, 0.0, 250.0044, 249.9966, 250.0015
0.033, 0.0045757378, -0.0015915609, 0.005580754, 0.0, 0.0, 0.0, 250.0044, 249.9966, 250.0015
0.036, 0.0033786371, 0.0031968425, 0.0019894512, 0.0, 0.0, 0.0, 250.0044, 249.9966, 250.0015
0.034, 0.0015829857, 0.004393943, 0.0019894512, 0.0, 0.0, 0.0, 250.0044, 249.9966, 250.0015
0.033, 3.8588495E-4, 0.0025982922, 0.0037851026, 0.0, 0.0, 0.0, 250.0044, 249.9966, 250.0015
0.033, 3.8588495E-4, 0.0019997417, 0.003186551, 0.0, 0.0, 0.0, 250.0044, 249.9966, 250.0015
0.036, 3.8588495E-4, 0.0019997417, -0.0022004023, 0.0, 0.0, 0.0, 250.0044, 249.9966, 250.0015
0.034, 0.0015829857, 2.0409038E-4, -0.0039960537, 0.0, 0.0, 0.0, 250.0044, 249.9966, 250.0015
0.034, 0.0027800866, -3.9446005E-4, -0.003397503, 0.0, 0.0, 0.0, 250.0044, 249.9966, 250.0015
0.033, 0.0045757378, 2.0409038E-4, -0.0016018515, 0.0, 0.0, 0.0, 250.0044, 249.9966, 250.0015
0.033, 0.0015829857, 0.0037953928, 0.003186551, 0.0, 0.0, 0.0, 250.0044, 249.9966, 250.0015
0.034, 0.0015829857, 0.0037953928, 0.0013909005, 0.0, 0.0, 0.0, 250.0044, 249.9966, 250.0015
0.033, 0.0021815363, 0.004393943, 1.9379985E-4, 0.0, 0.0, 0.0, 250.0044, 249.9966, 250.0015
0.033, 0.0027800866, 0.004393943, -4.0475093E-4, 0.0, 0.0, 0.0, 250.0044, 249.9966, 250.0015
0.035, 0.0039771874, 0.0067881453, -0.0027989522, 0.0, 0.0, 0.0, 250.0044, 249.9966, 250.0015
0.034, 0.0039771874, 0.0067881453, 1.9379985E-4, 0.0, 0.0, 0.0, 250.0044, 249.9966, 250.0015
0.034, 0.0033786371, 0.007386695, 0.0013909005, 0.0, 0.0, 0.0, 250.0044, 249.9966, 250.0015
0.033, 0.006371389, 0.0067881453, -4.0475093E-4, 0.0, 0.0, 0.0, 250.0044, 249.9966, 250.0015
0.034, 0.0057728384, 0.0025982922, -0.0051931543, 0.0, 0.0, 0.0, 250.0044, 249.9966, 250.0015
0.035, 0.0027800866, 2.0409038E-4, -0.007587356, 0.0, 0.0, 0.0, 250.0044, 249.9966, 250.0015
0.033, 0.0039771874, 0.0025982922, -0.0051931543, 0.0, 0.0, 0.0, 250.0044, 249.9966, 250.0015
0.034, 0.005174288, 0.004393943, -0.0010033017, 0.0, 0.0, 0.0, 250.0044, 249.9966, 250.0015
0.033, 0.0039771874, 0.0019997417, -0.0010033017, 0.0, 0.0, 0.0, 250.0044, 249.9966, 250.0015
0.036, 0.0033786371, 0.0031968425, -0.0045946036, 0.0, 0.0, 0.0, 250.0044, 249.9966, 250.0015
0.034, 0.005174288, 8.026408E-4, -0.003397503, 0.0, 0.0, 0.0, 250.0044, 249.9966, 250.0015
0.034, 0.0039771874, 0.0019997417, -0.0016018515, 0.0, 0.0, 0.0, 250.0044, 249.9966, 250.0015
0.037, 0.0039771874, 0.0025982922, -4.0475093E-4, 0.0, 0.0, 0.0, 250.0044, 249.9966, 250.0015
0.038, 0.0039771874, 2.0409038E-4, -0.0022004023, 0.0, 0.0, 0.0, 250.0044, 249.9966, 250.0015
0.034, 0.0045757378, 0.0019997417, -0.0016018515, 0.0, 0.0, 0.0, 250.0044, 249.9966, 250.0015
0.033, 0.0039771874, 0.0014011911, -0.003397503, 0.0, 0.0, 0.0, 250.0044, 249.9966, 250.0015
0.038, 0.0081670405, 0.0019997417, -0.0039960537, 0.0, 0.0, 0.0, 250.0044, 249.9966, 250.0015
0.036, 0.0069699395, 0.0031968425, -0.0010033017, 0.0, 0.0, 0.0, 250.0044, 249.9966, 250.0015
0.036, 0.0033786371, 0.0031968425, -4.0475093E-4, 0.0, 0.0, 0.0, 250.0044, 249.9966, 250.0015
0.035, 0.0027800866, 0.0014011911, 1.9379985E-4, 0.0, 0.0, 0.0, 250.0044, 249.9966, 250.0015
0.033, 0.0045757378, 0.0031968425, -0.0022004023, 0.0, 0.0, 0.0, 250.0044, 249.9966, 250.0015
0.034, 0.0045757378, 0.0025982922, -4.0475093E-4, 0.0, 0.0, 0.0, 250.0044, 249.9966, 250.0015
0.034, 0.0069699395, 0.0031968425, -0.0016018515, 0.0, 0.0, 0.0, 250.0044, 249.9966, 250.0015
0.035, 0.0045757378, 0.0019997417, -0.0022004023, 0.0, 0.0, 0.0, 250.0044, 249.9966, 250.0015
0.034, 0.0039771874, 0.0019997417, 7.923497E-4, 0.0, 0.0, 0.0, 250.0044, 249.9966, 250.0015
0.034, 0.006371389, 0.005591044, 0.0049822023, 0.0, 0.0, 0.0, 250.0044, 249.9966, 250.0015
0.033, 0.0081670405, 0.005591044, 0.0013909005, 0.0, 0.0, 0.0, 250.0044, 249.9966, 250.0015
0.034, 0.0045757378, 0.0031968425, -0.0022004023, 0.0, 0.0, 0.0, 250.0044, 249.9966, 250.0015
0.033, 0.0039771874, 0.0014011911, 0.0013909005, 0.0, 0.0, 0.0, 250.0044, 249.9966, 250.0015
0.034, 0.0039771874, 0.0031968425, 0.0049822023, 0.0, 0.0, 0.0, 250.0044, 249.9966, 250.0015
0.033, 0.0033786371, 0.004393943, 0.002588001, 0.0, 0.0, 0.0, 250.0044, 249.9966, 250.0015
0.033, 0.0033786371, 0.0061895945, 0.002588001, 0.0, 0.0, 0.0, 250.0044, 249.9966, 250.0015
0.034, 0.0057728384, 0.007985245, 7.923497E-4, 0.0, 0.0, 0.0, 250.0044, 249.9966, 250.0015
0.034, 0.0081670405, 0.0061895945, 0.0043836525, 0.0, 0.0, 0.0, 250.0044, 249.9966, 250.0015
0.036, 0.005174288, 0.004393943, 0.0043836525, 0.0, 0.0, 0.0, 250.0044, 249.9966, 250.0015
0.034, 0.0027800866, 0.004393943, 1.9379985E-4, 0.0, 0.0, 0.0, 250.0044, 249.9966, 250.0015
0.033, 0.0021815363, 0.0031968425, -0.0027989522, 0.0, 0.0, 0.0, 250.0044, 249.9966, 250.0015
0.033, 0.0027800866, 0.0025982922, -0.0016018515, 0.0, 0.0, 0.0, 250.0044, 249.9966, 250.0015
0.033, 0.0045757378, 0.0037953928, 7.923497E-4, 0.0, 0.0, 0.0, 250.0044, 249.9966, 250.0015
0.033, 0.0021815363, -0.0015915609, 7.923497E-4, 0.0, 0.0, 0.0, 250.0044, 249.9966, 250.0015
0.033, 0.005174288, -9.930105E-4, -0.0027989522, 0.0, 0.0, 0.0, 250.0044, 249.9966, 250.0015
0.035, 0.006371389, 2.0409038E-4, -0.0051931543, 0.0, 0.0, 0.0, 250.0044, 249.9966, 250.0015
0.034, 0.005174288, 0.004992494, -0.0022004023, 0.0, 0.0, 0.0, 250.0044, 249.9966, 250.0015
0.033, 0.0033786371, 0.0019997417, 1.9379985E-4, 0.0, 0.0, 0.0, 250.0044, 249.9966, 250.0015
0.034, 0.0015829857, 0.0014011911, 1.9379985E-4, 0.0, 0.0, 0.0, 250.0044, 249.9966, 250.0015
0.035, 0.0027800866, 0.0019997417, -0.0016018515, 0.0, 0.0, 0.0, 250.0044, 249.9966, 250.0015
0.037, 0.0039771874, 0.004992494, 0.003186551, 0.0, 0.0, 0.0, 250.0044, 249.9966, 250.0015
0.036, 0.0057728384, 0.0037953928, -0.0010033017, 0.0, 0.0, 0.0, 250.0044, 249.9966, 250.0015
0.033, 0.0045757378, 0.0014011911, -0.0045946036, 0.0, 0.0, 0.0, 250.0044, 249.9966, 250.0015
0.033, 0.0033786371, -0.0015915609, -0.003397503, 0.0, 0.0, 0.0, 250.0044, 249.9966, 250.0015
0.038, 0.0033786371, 0.0025982922, -0.0010033017, 0.0, 0.0, 0.0, 250.0044, 249.9966, 250.0015
0.033, 0.0069699395, 0.0037953928, 0.003186551, 0.0, 0.0, 0.0, 250.0044, 249.9966, 250.0015
0.037, 0.0033786371, -3.9446005E-4, -0.0027989522, 0.0, 0.0, 0.0, 250.0044, 249.9966, 250.0015
0.033, 0.0021815363, 0.0025982922, -0.0022004023, 0.0, 0.0, 0.0, 250.0044, 249.9966, 250.0015
0.033, 9.844353E-4, 0.004992494, -0.0010033017, 0.0, 0.0, 0.0, 250.0044, 249.9966, 250.0015
0.034, -2.1266549E-4, 0.0019997417, -0.003397503, 0.0, 0.0, 0.0, 250.0044, 249.9966, 250.0015
0.036, 3.8588495E-4, 0.0031968425, 0.0019894512, 0.0, 0.0, 0.0, 250.0044, 249.9966, 250.0015
0.033, -2.1266549E-4, 0.0031968425, 0.0043836525, 0.0, 0.0, 0.0, 250.0044, 249.9966, 250.0015
0.033, 0.0015829857, 2.0409038E-4, -4.0475093E-4, 0.0, 0.0, 0.0, 250.0044, 249.9966, 250.0015
0.038, 0.0027800866, 0.0019997417, 0.0013909005, 0.0, 0.0, 0.0, 250.0044, 249.9966, 250.0015
0.034, 0.0021815363, 0.0037953928, 0.002588001, 0.0, 0.0, 0.0, 250.0044, 249.9966, 250.0015
0.033, 0.0033786371, 0.0037953928, 7.923497E-4, 0.0, 0.0, 0.0, 250.0044, 249.9966, 250.0015
0.033, 0.0027800866, 2.0409038E-4, -4.0475093E-4, 0.0, 0.0, 0.0, 250.0044, 249.9966, 250.0015
0.035, 3.8588495E-4, -9.930105E-4, -0.0016018515, 0.0, 0.0, 0.0, 250.0044, 249.9966, 250.0015
0.034, -2.1266549E-4, -0.0015915609, -0.0069888057, 0.0, 0.0, 0.0, 250.0044, 249.9966, 250.0015
0.033, -2.1266549E-4, -0.0021901112, -0.0069888057, 0.0, 0.0, 0.0, 250.0044, 249.9966, 250.0015
0.034, -2.1266549E-4, -0.0039857626, -0.0010033017, 0.0, 0.0, 0.0, 250.0044, 249.9966, 250.0015
0.033, -2.1266549E-4, 2.0409038E-4, -0.0027989522, 0.0, 0.0, 0.0, 250.0044, 249.9966, 250.0015
0.034, 3.8588495E-4, 0.0019997417, 1.9379985E-4, 0.0, 0.0, 0.0, 250.0044, 249.9966, 250.0015
0.034, -2.1266549E-4, -0.0015915609, 0.0013909005, 0.0, 0.0, 0.0, 250.0044, 249.9966, 250.0015
0.035, 0.0015829857, -0.0015915609, 1.9379985E-4, 0.0, 0.0, 0.0, 250.0044, 249.9966, 250.0015
0.034, 0.0039771874, -0.0015915609, -4.0475093E-4, 0.0, 0.0, 0.0, 250.0044, 249.9966, 250.0015
0.034, 0.0015829857, -0.0015915609, -0.0022004023, 0.0, 0.0, 0.0, 250.0044, 249.9966, 250.0015
0.034, -2.1266549E-4, -9.930105E-4, 1.9379985E-4, 0.0, 0.0, 0.0, 250.0044, 249.9966, 250.0015
0.034, -2.1266549E-4, -9.930105E-4, 0.003186551, 0.0, 0.0, 0.0, 250.0044, 249.9966, 250.0015
0.033, 3.8588495E-4, 2.0409038E-4, 0.0019894512, 0.0, 0.0, 0.0, 250.0044, 249.9966, 250.0015
0.034, 9.844353E-4, 0.0014011911, -0.0016018515, 0.0, 0.0, 0.0, 250.0044, 249.9966, 250.0015
0.033, 0.0027800866, 0.0019997417, -0.0039960537, 0.0, 0.0, 0.0, 250.0044, 249.9966, 250.0015
0.037, 9.844353E-4, 0.0031968425, 0.0019894512, 0.0, 0.0, 0.0, 250.0044, 249.9966, 250.0015
0.034, 9.844353E-4, 8.026408E-4, -0.0039960537, 0.0, 0.0, 0.0, 250.0044, 249.9966, 250.0015
0.033, 0.0015829857, -3.9446005E-4, -0.0027989522, 0.0, 0.0, 0.0, 250.0044, 249.9966, 250.0015
0.034, -2.1266549E-4, -3.9446005E-4, -0.0016018515, 0.0, 0.0, 0.0, 250.0044, 249.9966, 250.0015
0.034, 3.8588495E-4, -0.0015915609, -0.0016018515, 0.0, 0.0, 0.0, 250.0044, 249.9966, 250.0015
0.034, 0.0021815363, -0.0015915609, -0.0051931543, 0.0, 0.0, 0.0, 250.0044, 249.9966, 250.0015
0.033, 0.0057728384, -0.0039857626, -0.003397503, 0.0, 0.0, 0.0, 250.0044, 249.9966, 250.0015
0.035, 0.0033786371, -9.930105E-4, -0.0027989522, 0.0, 0.0, 0.0, 250.0044, 249.9966, 250.0015
0.034, 0.0039771874, -3.9446005E-4, 1.9379985E-4, 0.0, 0.0, 0.0, 250.0044, 249.9966, 250.0015
0.035, -2.1266549E-4, -0.0015915609, 7.923497E-4, 0.0, 0.0, 0.0, 250.0044, 249.9966, 250.0015
0.034, -0.0014097664, -0.0021901112, 0.0049822023, 0.0, 0.0, 0.0, 250.0044, 249.9966, 250.0015
0.034, -8.112159E-4, -0.0021901112, 0.009172057, 0.0, 0.0, 0.0, 250.0044, 249.9966, 250.0015
0.037, -2.1266549E-4, -0.0027886617, 0.009172057, 0.0, 0.0, 0.0, 250.0044, 249.9966, 250.0015
0.033, -2.1266549E-4, -0.0039857626, 0.005580754, 0.0, 0.0, 0.0, 250.0044, 249.9966, 250.0015
0.034, 3.8588495E-4, -0.004584313, -4.0475093E-4, 0.0, 0.0, 0.0, 250.0044, 249.9966, 250.0015
0.033, 0.0027800866, -0.0021901112, 0.002588001, 0.0, 0.0, 0.0, 250.0044, 249.9966, 250.0015
0.035, 0.0033786371, -0.0015915609, 0.0037851026, 0.0, 0.0, 0.0, 250.0044, 249.9966, 250.0015
0.033, 0.0021815363, -0.0027886617, 1.9379985E-4, 0.0, 0.0, 0.0, 250.0044, 249.9966, 250.0015
0.035, 3.8588495E-4, -0.0027886617, -0.0022004023, 0.0, 0.0, 0.0, 250.0044, 249.9966, 250.0015
0.033, 3.8588495E-4, -0.004584313, -0.0022004023, 0.0, 0.0, 0.0, 250.0044, 249.9966, 250.0015
0.034, 9.844353E-4, -0.0021901112, 7.923497E-4, 0.0, 0.0, 0.0, 250.0044, 249.9966, 250.0015
0.033, -0.0044025187, -9.930105E-4, 0.002588001, 0.0, 0.0, 0.0, 250.0044, 249.9966, 250.0015
0.036, -0.0020083168, -3.9446005E-4, 7.923497E-4, 0.0, 0.0, 0.0, 250.0044, 249.9966, 250.0015
0.033, -0.0014097664, -3.9446005E-4, -0.0010033017, 0.0, 0.0, 0.0, 250.0044, 249.9966, 250.0015
0.035, 0.0015829857, 0.0014011911, -0.0027989522, 0.0, 0.0, 0.0, 250.0044, 249.9966, 250.0015
0.037, -0.0014097664, 8.026408E-4, -0.01297431, 0.0, 0.0, 0.0, 250.0044, 249.9966, 250.0015
0.034, 0.0027800866, 8.026408E-4, -0.0057917046, 0.0, 0.0, 0.0, 250.0044, 249.9966, 250.0015
0.036, 0.0039771874, -0.0027886617, -0.0016018515, 0.0, 0.0, 0.0, 250.0044, 249.9966, 250.0015
0.034, 3.8588495E-4, -9.930105E-4, -4.0475093E-4, 0.0, 0.0, 0.0, 250.0044, 249.9966, 250.0015
0.034, 3.8588495E-4, -9.930105E-4, -0.0027989522, 0.0, 0.0, 0.0, 250.0044, 249.9966, 250.0015
0.035, -2.1266549E-4, -9.930105E-4, 0.003186551, 0.0, 0.0, 0.0, 250.0044, 249.9966, 250.0015
0.033, -2.1266549E-4, 8.026408E-4, 0.0067778537, 0.0, 0.0, 0.0, 250.0044, 249.9966, 250.0015
0.037, -0.0014097664, 0.0019997417, 0.005580754, 0.0, 0.0, 0.0, 250.0044, 249.9966, 250.0015
0.034, 9.844353E-4, 0.0019997417, 1.9379985E-4, 0.0, 0.0, 0.0, 250.0044, 249.9966, 250.0015
0.034, 0.0015829857, -0.0015915609, -4.0475093E-4, 0.0, 0.0, 0.0, 250.0044, 249.9966, 250.0015
0.034, 0.0027800866, -3.9446005E-4, -0.008784456, 0.0, 0.0, 0.0, 250.0044, 249.9966, 250.0015
0.032, -2.1266549E-4, 8.026408E-4, 7.923497E-4, 0.0, 0.0, 0.0, 250.0044, 249.9966, 250.0015
0.035, -0.0014097664, 2.0409038E-4, 7.923497E-4, 0.0, 0.0, 0.0, 250.0044, 249.9966, 250.0015
0.033, -2.1266549E-4, -0.0015915609, 0.0037851026, 0.0, 0.0, 0.0, 250.0044, 249.9966, 250.0015
0.034, 0.0027800866, -3.9446005E-4, 1.9379985E-4, 0.0, 0.0, 0.0, 250.0044, 249.9966, 250.0015
0.037, -2.1266549E-4, -0.0015915609, 0.0043836525, 0.0, 0.0, 0.0, 250.0044, 249.9966, 250.0015
0.033, 0.0027800866, -9.930105E-4, 0.0019894512, 0.0, 0.0, 0.0, 250.0044, 249.9966, 250.0015
0.038, 0.0027800866, 2.0409038E-4, 1.9379985E-4, 0.0, 0.0, 0.0, 250.0044, 249.9966, 250.0015
0.034, 9.844353E-4, -0.0033872123, -0.0039960537, 0.0, 0.0, 0.0, 250.0044, 249.9966, 250.0015
0.033, 3.8588495E-4, -9.930105E-4, 1.9379985E-4, 0.0, 0.0, 0.0, 250.0044, 249.9966, 250.0015
0.033, 3.8588495E-4, 2.0409038E-4, 1.9379985E-4, 0.0, 0.0, 0.0, 250.0044, 249.9966, 250.0015
0.033, 0.0015829857, 8.026408E-4, 0.0019894512, 0.0, 0.0, 0.0, 250.0044, 249.9966, 250.0015
0.033, 0.0021815363, 8.026408E-4, 0.0037851026, 0.0, 0.0, 0.0, 250.0044, 249.9966, 250.0015
0.033, -2.1266549E-4, 0.0019997417, 0.0037851026, 0.0, 0.0, 0.0, 250.0044, 249.9966, 250.0015
0.034, 9.844353E-4, 0.0014011911, 7.923497E-4, 0.0, 0.0, 0.0, 250.0044, 249.9966, 250.0015
0.034, 9.844353E-4, -9.930105E-4, 7.923497E-4, 0.0, 0.0, 0.0, 250.0044, 249.9966, 250.0015
0.034, 9.844353E-4, -0.0015915609, 1.9379985E-4, 0.0, 0.0, 0.0, 250.0044, 249.9966, 250.0015
0.034, -2.1266549E-4, -0.0015915609, 7.923497E-4, 0.0, 0.0, 0.0, 250.0044, 249.9966, 250.0015
0.032, 3.8588495E-4, -0.0033872123, 1.9379985E-4, 0.0, 0.0, 0.0, 250.0044, 249.9966, 250.0015
0.034, 9.844353E-4, -0.0039857626, 0.0043836525, 0.0, 0.0, 0.0, 250.0044, 249.9966, 250.0015
0.033, 0.0015829857, -0.0015915609, 0.006179304, 0.0, 0.0, 0.0, 250.0044, 249.9966, 250.0015
0.035, -2.1266549E-4, -9.930105E-4, 0.0019894512, 0.0, 0.0, 0.0, 250.0044, 249.9966, 250.0015
0.035, -0.0014097664, 2.0409038E-4, 0.002588001, 0.0, 0.0, 0.0, 250.0044, 249.9966, 250.0015
0.033, -0.0014097664, 8.026408E-4, -0.0027989522, 0.0, 0.0, 0.0, 250.0044, 249.9966, 250.0015
0.035, 9.844353E-4, 8.026408E-4, -0.003397503, 0.0, 0.0, 0.0, 250.0044, 249.9966, 250.0015
0.037, 0.0027800866, 2.0409038E-4, -0.0045946036, 0.0, 0.0, 0.0, 250.0044, 249.9966, 250.0015
0.035, 3.8588495E-4, 2.0409038E-4, 1.9379985E-4, 0.0, 0.0, 0.0, 250.0044, 249.9966, 250.0015
0.035, 0.0015829857, 0.0037953928, 0.0019894512, 0.0, 0.0, 0.0, 250.0044, 249.9966, 250.0015
0.036, -0.0020083168, -9.930105E-4, 0.002588001, 0.0, 0.0, 0.0, 250.0044, 249.9966, 250.0015
0.034, -0.0032054174, -3.9446005E-4, 0.0049822023, 0.0, 0.0, 0.0, 250.0044, 249.9966, 250.0015
0.035, -0.0020083168, -0.0027886617, 0.0013909005, 0.0, 0.0, 0.0, 250.0044, 249.9966, 250.0015
0.036, -2.1266549E-4, -0.0015915609, 7.923497E-4, 0.0, 0.0, 0.0, 250.0044, 249.9966, 250.0015
0.035, -0.0014097664, -0.0015915609, -4.0475093E-4, 0.0, 0.0, 0.0, 250.0044, 249.9966, 250.0015
0.033, -2.1266549E-4, -0.0021901112, 0.002588001, 0.0, 0.0, 0.0, 250.0044, 249.9966, 250.0015
0.034, -0.0014097664, -0.0021901112, 0.003186551, 0.0, 0.0, 0.0, 250.0044, 249.9966, 250.0015
0.033, -0.0014097664, -0.0015915609, 0.0037851026, 0.0, 0.0, 0.0, 250.0044, 249.9966, 250.0015
0.033, 0.0027800866, -0.0015915609, -4.0475093E-4, 0.0, 0.0, 0.0, 250.0044, 249.9966, 250.0015
0.035, 0.005174288, -0.0021901112, -0.003397503, 0.0, 0.0, 0.0, 250.0044, 249.9966, 250.0015
0.035, -0.002606867, -0.0033872123, 7.923497E-4, 0.0, 0.0, 0.0, 250.0044, 249.9966, 250.0015
0.033, -0.002606867, 2.0409038E-4, 7.923497E-4, 0.0, 0.0, 0.0, 250.0044, 249.9966, 250.0015
0.033, 9.844353E-4, -0.0021901112, -0.0016018515, 0.0, 0.0, 0.0, 250.0044, 249.9966, 250.0015
0.034, 9.844353E-4, -0.0015915609, -0.0039960537, 0.0, 0.0, 0.0, 250.0044, 249.9966, 250.0015
0.035, 0.0015829857, 8.026408E-4, -0.0022004023, 0.0, 0.0, 0.0, 250.0044, 249.9966, 250.0015
0.034, 9.844353E-4, 8.026408E-4, -0.0022004023, 0.0, 0.0, 0.0, 250.0044, 249.9966, 250.0015
0.034, 0.0015829857, -3.9446005E-4, -0.0016018515, 0.0, 0.0, 0.0, 250.0044, 249.9966, 250.0015
0.035, -0.0014097664, -0.0015915609, 0.003186551, 0.0, 0.0, 0.0, 250.0044, 249.9966, 250.0015
0.04, -0.002606867, -3.9446005E-4, -0.0010033017, 0.0, 0.0, 0.0, 250.0044, 249.9966, 250.0015
0.034, -2.1266549E-4, -0.0021901112, 0.002588001, 0.0, 0.0, 0.0, 250.0044, 249.9966, 250.0015
0.034, 0.0015829857, 2.0409038E-4, 7.923497E-4, 0.0, 0.0, 0.0, 250.0044, 249.9966, 250.0015
0.033, -0.0020083168, -0.0021901112, -0.0010033017, 0.0, 0.0, 0.0, 250.0044, 249.9966, 250.0015
0.038, -2.1266549E-4, -0.0021901112, -0.0039960537, 0.0, 0.0, 0.0, 250.0044, 249.9966, 250.0015
0.036, -0.0014097664, -0.004584313, -0.0010033017, 0.0, 0.0, 0.0, 250.0044, 249.9966, 250.0015
0.033, -2.1266549E-4, -0.0021901112, -0.0016018515, 0.0, 0.0, 0.0, 250.0044, 249.9966, 250.0015
0.034, 0.0015829857, 8.026408E-4, -0.003397503, 0.0, 0.0, 0.0, 250.0044, 249.9966, 250.0015
0.033, 3.8588495E-4, 8.026408E-4, 0.0037851026, 0.0, 0.0, 0.0, 250.0044, 249.9966, 250.0015
0.038, -8.112159E-4, 2.0409038E-4, 0.0067778537, 0.0, 0.0, 0.0, 250.0044, 249.9966, 250.0015
0.037, -2.1266549E-4, -0.0015915609, 0.005580754, 0.0, 0.0, 0.0, 250.0044, 249.9966, 250.0015
0.034, -2.1266549E-4, 2.0409038E-4, -0.0016018515, 0.0, 0.0, 0.0, 250.0044, 249.9966, 250.0015
0.033, -0.0014097664, 2.0409038E-4, 0.0037851026, 0.0, 0.0, 0.0, 250.0044, 249.9966, 250.0015
0.033, -2.1266549E-4, -3.9446005E-4, 7.923497E-4, 0.0, 0.0, 0.0, 250.0044, 249.9966, 250.0015
0.033, -0.0014097664, -9.930105E-4, 7.923497E-4, 0.0, 0.0, 0.0, 250.0044, 249.9966, 250.0015
0.034, -2.1266549E-4, 2.0409038E-4, 0.0013909005, 0.0, 0.0, 0.0, 250.0044, 249.9966, 250.0015
0.034, -2.1266549E-4, 2.0409038E-4, 1.9379985E-4, 0.0, 0.0, 0.0, 250.0044, 249.9966, 250.0015
0.033, -0.0020083168, 2.0409038E-4, 7.923497E-4, 0.0, 0.0, 0.0, 250.0044, 249.9966, 250.0015
0.033, -0.002606867, -0.0021901112, 0.0049822023, 0.0, 0.0, 0.0, 250.0044, 249.9966, 250.0015
0.037, -0.0032054174, -3.9446005E-4, -4.0475093E-4, 0.0, 0.0, 0.0, 250.0044, 249.9966, 250.0015
0.038, -0.0014097664, 8.026408E-4, -0.0039960537, 0.0, 0.0, 0.0, 250.0044, 249.9966, 250.0015
0.037, -0.002606867, 0.0019997417, -0.0051931543, 0.0, 0.0, 0.0, 250.0044, 249.9966, 250.0015
0.036, -0.0061981697, -9.930105E-4, -0.0022004023, 0.0, 0.0, 0.0, 250.0044, 249.9966, 250.0015
0.032, -0.007993821, -0.0021901112, 0.0043836525, 0.0, 0.0, 0.0, 250.0044, 249.9966, 250.0015
0.034, 0.005174288, 0.004393943, -0.0045946036, 0.0, 0.0, 0.0, 250.0044, 249.9966, 250.0015
0.035, -0.003803968, -0.004584313, 0.010967706, 0.0, 0.0, 0.0, 250.0044, 249.9966, 250.0015
0.034, -0.0014097664, -9.930105E-4, 0.0073764054, 0.0, 0.0, 0.0, 250.0044, 249.9966, 250.0015
0.033, 3.8588495E-4, -0.0015915609, -0.003397503, 0.0, 0.0, 0.0, 250.0044, 249.9966, 250.0015
0.034, 0.0015829857, -0.0021901112, -0.0027989522, 0.0, 0.0, 0.0, 250.0044, 249.9966, 250.0015
0.034, 0.0027800866, -0.0033872123, 0.002588001, 0.0, 0.0, 0.0, 250.0044, 249.9966, 250.0015
0.033, -0.002606867, -0.0027886617, -4.0475093E-4, 0.0, 0.0, 0.0, 250.0044, 249.9966, 250.0015
0.036, 9.844353E-4, 2.0409038E-4, -0.0051931543, 0.0, 0.0, 0.0, 250.0044, 249.9966, 250.0015
0.033, -8.112159E-4, -9.930105E-4, -0.0022004023, 0.0, 0.0, 0.0, 250.0044, 249.9966, 250.0015
0.033, 0.0027800866, -0.0033872123, -0.0027989522, 0.0, 0.0, 0.0, 250.0044, 249.9966, 250.0015
0.033, 0.0015829857, -0.0021901112, -0.0022004023, 0.0, 0.0, 0.0, 250.0044, 249.9966, 250.0015
0.034, -0.002606867, -0.0021901112, 0.006179304, 0.0, 0.0, 0.0, 250.0044, 249.9966, 250.0015
0.034, 0.005174288, -3.9446005E-4, -4.0475093E-4, 0.0, 0.0, 0.0, 250.0044, 249.9966, 250.0015
0.034, 3.8588495E-4, -0.005781414, -0.0027989522, 0.0, 0.0, 0.0, 250.0044, 249.9966, 250.0015
0.033, 0.0027800866, -0.0021901112, -0.007587356, 0.0, 0.0, 0.0, 250.0044, 249.9966, 250.0015
0.034, -8.112159E-4, -0.0027886617, -0.0016018515, 0.0, 0.0, 0.0, 250.0044, 249.9966, 250.0015
0.033, -8.112159E-4, -0.0027886617, 1.9379985E-4, 0.0, 0.0, 0.0, 250.0044, 249.9966, 250.0015
0.034, -0.002606867, -0.0039857626, 0.0043836525, 0.0, 0.0, 0.0, 250.0044, 249.9966, 250.0015
0.035, -0.0055996194, -0.0027886617, 0.006179304, 0.0, 0.0, 0.0, 250.0044, 249.9966, 250.0015
0.036, -0.0014097664, -0.0027886617, 0.0067778537, 0.0, 0.0, 0.0, 250.0044, 249.9966, 250.0015
0.033, -2.1266549E-4, -0.005781414, 0.002588001, 0.0, 0.0, 0.0, 250.0044, 249.9966, 250.0015
0.033, 0.0027800866, -0.0021901112, -0.0016018515, 0.0, 0.0, 0.0, 250.0044, 249.9966, 250.0015
0.034, -0.0014097664, -0.0015915609, 0.0019894512, 0.0, 0.0, 0.0, 250.0044, 249.9966, 250.0015
0.034, -2.1266549E-4, -0.0021901112, -0.0016018515, 0.0, 0.0, 0.0, 250.0044, 249.9966, 250.0015
0.034, -0.003803968, -0.0033872123, -0.0010033017, 0.0, 0.0, 0.0, 250.0044, 249.9966, 250.0015
0.033, -0.0032054174, -0.0027886617, -0.0016018515, 0.0, 0.0, 0.0, 250.0044, 249.9966, 250.0015
0.033, -8.112159E-4, -0.0015915609, 0.002588001, 0.0, 0.0, 0.0, 250.0044, 249.9966, 250.0015
0.034, 0.0015829857, -9.930105E-4, 0.0019894512, 0.0, 0.0, 0.0, 250.0044, 249.9966, 250.0015
0.037, 0.0033786371, -0.0015915609, 7.923497E-4, 0.0, 0.0, 0.0, 250.0044, 249.9966, 250.0015
0.035, 3.8588495E-4, -0.005781414, 0.0049822023, 0.0, 0.0, 0.0, 250.0044, 249.9966, 250.0015
0.033, -2.1266549E-4, -0.0015915609, 0.002588001, 0.0, 0.0, 0.0, 250.0044, 249.9966, 250.0015
0.033, -8.112159E-4, -0.0015915609, 0.0043836525, 0.0, 0.0, 0.0, 250.0044, 249.9966, 250.0015
0.033, 0.0021815363, -0.0021901112, 0.0019894512, 0.0, 0.0, 0.0, 250.0044, 249.9966, 250.0015
0.033, 0.0045757378, -0.0021901112, 0.002588001, 0.0, 0.0, 0.0, 250.0044, 249.9966, 250.0015
0.035, -0.14206912, 0.09776781, 0.009770607, 0.0, 0.0, 0.0, 250.00435, 249.99663, 250.0015
0.033, -0.15882853, 0.120512724, 0.009172057, -0.0052413414, 0.0039769197, 3.026779E-4, 250.00415, 249.99657, 250.00151
0.034, 0.20449157, -0.14943352, 0.002588001, 0.0017113723, -0.0011038203, 3.906699E-4, 250.00427, 249.99655, 250.00153
0.033, 0.054853972, -0.100352384, 0.17616762, 0.0035215532, -0.0044154488, 0.0062042014, 250.00438, 249.99664, 250.00175
0.035, -0.10196623, -0.05845385, 0.15581691, -4.7264853E-5, -0.0064613335, 0.011657793, 250.00435, 249.9968, 250.0021
0.034, -0.07263726, 0.033124365, 0.14683865, -0.0025169319, -0.005335105, 0.016650308, 250.00426, 249.99695, 250.00258
0.034, 0.13924958, 0.17617792, 0.3814704, 0.002217554, 6.549442E-4, 0.029620303, 250.00436, 249.997, 250.00346
0.033, 0.49538708, -0.2715378, 1.2595439, 0.018565327, -0.008305804, 0.07118525, 250.00502, 249.99712, 250.00574
0.035, 0.375677, -0.33498415, 1.6551858, 0.031714022, -0.020030249, 0.12911676, 250.00597, 249.99753, 250.00966
0.036, 0.31103355, -0.25956678, 1.9436871, 0.04291123, -0.029374652, 0.1990895, 250.00719, 249.9982, 250.01549
0.035, 0.32539877, -0.21347842, 2.0430465, 0.05430019, -0.036846396, 0.27059612, 250.00871, 249.99908, 250.02321
0.033, 0.121293075, -0.009971267, 2.198071, 0.05830286, -0.037175447, 0.34313247, 250.01027, 250.00005, 250.03288
0.033, -0.024753233, -0.14524366, 1.9029857, 0.057486005, -0.041968487, 0.405931, 250.01175, 250.0011, 250.04408
0.035, -0.23005603, -0.07341761, 1.4450946, 0.049434043, -0.044538103, 0.4565093, 250.01295, 250.00223, 250.05644
0.033, -0.41740233, 0.10973882, 0.88245714, 0.035659768, -0.040916722, 0.4856304, 250.01375, 250.00333, 250.06937
0.036, -0.42518348, 0.22765325, -0.033923574, 0.020353165, -0.032721207, 0.48440915, 250.01414, 250.00426, 250.08194
0.034, -0.20012851, 0.28092423, -0.11053803, 0.013548795, -0.023169782, 0.48065087, 250.01443, 250.00494, 250.0944
0.035, -0.0067967204, 0.3647213, -0.16141482, 0.01331091, -0.0104045365, 0.47500136, 250.01479, 250.00534, 250.10669
0.037, -0.07263726, 0.16061561, -0.7521841, 0.010623332, -0.004461759, 0.44717056, 250.01503, 250.00552, 250.11806
0.037, -0.064257555, 0.07143159, -0.8587261, 0.0082458025, -0.0018187899, 0.4153977, 250.01523, 250.0056, 250.12857
0.033, -0.04510395, 0.024146106, -0.8341855, 0.006757372, -0.0010219684, 0.3878696, 250.0154, 250.00565, 250.13838
0.034, -0.1205213, -0.02792778, -0.9544941, 0.0026596477, -0.001971513, 0.3554168, 250.01543, 250.00568, 250.14731
0.035, -0.08819957, -0.047081392, -0.9718521, -4.2733736E-4, -0.0036193617, 0.32140198, 250.01538, 250.00575, 250.15533
0.034, 0.053656872, 0.121111274, -0.82401013, 0.0013969964, 4.9842196E-4, 0.29338562, 250.01543, 250.00578, 250.16269
0.033, -0.1917488, 0.1677982, -1.1484244, -0.0049307137, 0.006035763, 0.25548762, 250.01524, 250.00569, 250.16895
0.035, -0.35814583, -0.010569816, -1.5213213, -0.017465819, 0.005665819, 0.20224138, 250.01466, 250.00554, 250.17369
0.038, -0.1253097, 0.009182347, -1.2226447, -0.022227587, 0.0060147485, 0.15578088, 250.01404, 250.00539, 250.17732
0.033, -0.08580537, 0.060059134, -1.1125114, -0.025059164, 0.0079967, 0.119068004, 250.01335, 250.00519, 250.18004
0.035, -0.10675464, 0.042701174, -1.0819854, -0.028795576, 0.009491241, 0.08119851, 250.01257, 250.00496, 250.18178
0.035, 0.0033786371, 0.047489576, -0.86531013, -0.028677324, 0.011153376, 0.05091266, 250.01183, 250.00468, 250.18282
0.038, 0.07580324, 0.03073016, -0.5355089, -0.0257968, 0.012321122, 0.030563323, 250.01118, 250.00438, 250.18343
0.034, 0.02133515, -0.0590524, -0.41101035, -0.025071405, 0.01031334, 0.016588971, 250.01053, 250.00409, 250.18372
0.034, 0.0015829857, -0.15781322, -0.3367901, -0.025017584, 0.0049476908, 0.0051381066, 250.00987, 250.00392, 250.18375
0.035, 0.08538005, -0.11172484, -0.07282935, -0.022029283, 0.0010373215, 0.0025890793, 250.00932, 250.00386, 250.18378
0.034, 0.061438028, -0.1302799, -0.065048195, -0.01994039, -0.0033921953, 3.774406E-4, 250.00882, 250.0039, 250.18378
0.034, -0.015176427, -0.16260163, -0.16081627, -0.020456389, -0.008920651, -0.005090313, 250.00829, 250.00407, 250.18358
0.037, 0.0219337, -0.08359297, -0.1314873, -0.019644842, -0.012013591, -0.009955343, 250.00778, 250.00435, 250.18327
0.033, 0.010561242, -0.055461098, -0.09796847, -0.01929632, -0.013843807, -0.0131883025, 250.00728, 250.0047, 250.1829
0.033, 0.026722103, 0.004393943, -0.05367574, -0.01841449, -0.013698807, -0.014959602, 250.00682, 250.00505, 250.18251
0.036, 0.07340904, 0.0798113, 0.009770607, -0.015771765, -0.0108256005, -0.01460786, 250.00644, 250.00536, 250.18213
0.034, 0.03809456, 0.031328715, 0.01934741, -0.01447655, -0.0097604245, -0.013950048, 250.00607, 250.00563, 250.18176
0.033, 0.047072817, 0.03073016, 0.0642387, -0.012923147, -0.00874633, -0.011830172, 250.00575, 250.00587, 250.18147
0.032, 0.03570036, 0.02654031, 0.05346479, -0.011780735, -0.00789704, -0.0101192985, 250.00546, 250.00609, 250.18123
0.034, 0.017145297, -0.005781414, -0.015967062, -0.011197795, -0.008093608, -0.0106621785, 250.00517, 250.0063, 250.18095
0.038, 0.061438028, 2.0409038E-4, -0.0758221, -0.00886315, -0.0080858525, -0.013543418, 250.00496, 250.00652, 250.18057
0.033, 0.060240928, 0.05227798, -0.1290931, -0.0068751993, -0.006360679, -0.01780349, 250.00479, 250.0067, 250.18007
0.033, 0.005174288, 0.03013161, -0.23563507, -0.006704448, -0.0053663356, -0.025579447, 250.00462, 250.00685, 250.17932
0.036, 0.006371389, -0.0578553, -0.28172347, -0.006475078, -0.0074491263, -0.035721492, 250.00446, 250.00703, 250.1783
0.037, -0.008592372, -0.050672695, -0.35534516, -0.0067929956, -0.009324016, -0.048869263, 250.00427, 250.00726, 250.17691
0.033, -0.0073952707, -0.03151908, -0.49660307, -0.0070370394, -0.010364146, -0.06525716, 250.00409, 250.00752, 250.17505
0.038, 0.015349645, -0.0015915609, -0.66599286, -0.006453753, -0.010424625, -0.09056489, 250.00392, 250.0078, 250.17247
0.035, 0.027320653, 0.045095373, -0.8802739, -0.00549753, -0.008846287, -0.12137447, 250.0038, 250.00804, 250.16902
0.033, -0.08101697, 0.2910996, -1.0736057, -0.00817109, 7.600002E-4, -0.15680346, 250.00356, 250.00812, 250.16458
0.035, -0.14805463, 0.27912858, -1.0245245, -0.013353001, 0.0105295, -0.19266182, 250.00316, 250.00793, 250.15923
0.034, -0.20850822, 0.16300981, -1.0167433, -0.02044228, 0.016071834, -0.2272311, 250.00255, 250.00758, 250.15297
0.035, -0.1905517, 0.05527073, -0.81203914, -0.02711159, 0.01800631, -0.25565246, 250.00179, 250.00713, 250.14604
0.035, -0.1217184, -0.008774166, -0.76834494, -0.031371735, 0.017699214, -0.28254452, 250.00093, 250.00667, 250.13844
0.033, 0.02133515, -0.17217843, -0.7402131, -0.030667676, 0.0120173255, -0.30697155, 250.00014, 250.0063, 250.13022
0.033, -0.014577876, -0.09257123, -0.7306363, -0.031148745, 0.008962475, -0.33108255, 249.99933, 250.00604, 250.12137
0.034, -0.07503147, 0.18096632, -0.762958, -0.033699814, 0.01511533, -0.35702312, 249.99843, 250.0057, 250.11183
0.033, -0.09538218, 0.035518568, -0.69831455, -0.036847427, 0.016287442, -0.3800675, 249.99744, 250.0053, 250.10172
0.033, -0.26656762, 0.0941765, -0.42836833, -0.045644157, 0.019395268, -0.39420366, 249.99615, 250.00482, 250.09132
0.033, -0.09179088, 0.017562052, 0.19352558, -0.048673257, 0.019974815, -0.38781732, 249.99486, 250.0043, 250.0813
0.033, -0.009190922, -0.30864793, 0.4610776, -0.04897656, 0.009789433, -0.37260175, 249.99359, 250.00394, 250.07176
0.033, -0.16660969, -0.3487508, 0.50237757, -0.054474678, -0.0017193425, -0.35602328, 249.99211, 250.00386, 250.06267
0.034, 0.22065243, -0.2871001, 1.242186, -0.046972495, -0.011480747, -0.31378895, 249.99097, 250.00407, 250.05493
0.034, 0.13745393, -0.34096965, 1.1685643, -0.042299062, -0.023073714, -0.27405775, 249.98991, 250.00455, 250.0482
0.033, 0.14284088, -0.15841177, 1.0733948, -0.037585314, -0.028301302, -0.23863572, 249.98898, 250.00522, 250.04236
0.033, 0.32360312, -0.08718427, 1.1518049, -0.026906412, -0.031178383, -0.20062616, 249.98839, 250.006, 250.03754
0.035, 0.124884374, 0.014569299, 0.6783514, -0.022535458, -0.030668458, -0.17688386, 249.98785, 250.00679, 250.03317
0.034, 0.1715713, 0.16600256, 0.6178978, -0.016702034, -0.025024371, -0.15587534, 249.98749, 250.0075, 250.02933
0.034, 0.27990893, 0.04210262, 0.76514125, -0.0071851294, -0.023592882, -0.12986054, 249.9874, 250.00813, 250.02621
0.033, -0.031337287, -0.10274658, 0.4550921, -0.00821926, -0.026983518, -0.1148425, 249.98717, 250.0088, 250.02338
0.034, -0.054680753, -0.053066894, 0.3623168, -0.010078406, -0.028787792, -0.10252373, 249.9869, 250.00954, 250.02083
0.033, 0.15660754, 2.0409038E-4, 0.5257211, -0.0049103573, -0.028781056, -0.08517493, 249.98682, 250.01028, 250.0188
0.034, 0.13146843, 0.08040985, 0.4455153, -4.4043036E-4, -0.026047122, -0.07002741, 249.98685, 250.01099, 250.01714
0.035, 0.029116305, 0.045095373, 0.18275169, 5.7864026E-4, -0.024468783, -0.0636311, 249.98688, 250.01164, 250.01555
0.033, 0.06981774, -0.07641037, 0.07201985, 0.0028826257, -0.026990326, -0.06125445, 249.98698, 250.01231, 250.01399
0.034, 0.08178875, -0.10394368, 0.07561116, 0.0056634434, -0.030524412, -0.05868367, 249.98717, 250.01308, 250.0125
0.034, 0.27332488, -0.025533577, 0.07321695, 0.01495649, -0.031392552, -0.056194294, 249.98764, 250.01387, 250.01106
0.038, 0.2936756, -0.37508702, 0.8052441, 0.026116163, -0.04564586, -0.02559502, 249.98843, 250.01494, 250.01067
0.033, -0.12111985, 0.26416484, 0.2031024, 0.022119207, -0.03692842, -0.018892642, 249.98897, 250.01599, 250.01024
0.033, -0.11094449, 0.27493873, -0.016565612, 0.018458039, -0.027855441, -0.019439308, 249.98941, 250.0168, 250.00974
0.034, -0.053483654, -0.013562569, 0.133072, 0.016639594, -0.028316569, -0.014914859, 249.98982, 250.01753, 250.0094
0.036, -0.014577876, -0.030321982, 0.036106825, 0.01611479, -0.02940816, -0.013615013, 249.99023, 250.01828, 250.00906
0.034, -0.014577876, 0.013970749, -0.015368512, 0.015619142, -0.028933154, -0.014137543, 249.99065, 250.01903, 250.0087
0.033, 0.010561242, 0.061854783, -0.017762713, 0.015967663, -0.026891947, -0.014723713, 249.99106, 250.01974, 250.00832
0.035, -0.011585124, 0.07921275, 0.13845895, 0.015562184, -0.0241195, -0.009877649, 249.99147, 250.0204, 250.0081
0.034, -0.013979325, 0.036715668, 0.10673578, 0.015086887, -0.022871166, -0.0062486324, 249.99187, 250.02101, 250.00797
0.033, -0.005001069, 0.01277365, 0.040296678, 0.014921852, -0.022449637, -0.004918842, 249.99225, 250.02159, 250.00786
0.035, 9.844353E-4, -0.0039857626, 0.009172057, 0.014956308, -0.022589138, -0.0045978203, 249.99263, 250.02217, 250.00774
0.033, 0.0033786371, -0.0027886617, 0.0037851026, 0.015067803, -0.022681164, -0.004472912, 249.99303, 250.02277, 250.00761
0.036, -2.1266549E-4, -0.0015915609, 0.008573505, 0.015060146, -0.02273846, -0.0041642655, 249.99342, 250.02336, 250.0075
0.033, -2.1266549E-4, 0.0019997417, 0.0043836525, 0.015053129, -0.022672469, -0.004019605, 249.99382, 250.02396, 250.0074
0.033, -0.0055996194, -9.930105E-4, 0.003186551, 0.014868341, -0.022705238, -0.003914449, 249.9942, 250.02455, 250.0073
0.033, -2.1266549E-4, 2.0409038E-4, -0.0022004023, 0.014861324, -0.022698503, -0.0039870623, 249.99458, 250.02515, 250.00719
0.035, 9.844353E-4, 2.0409038E-4, 7.923497E-4, 0.014895779, -0.02269136, -0.00395933, 249.99496, 250.02574, 250.00708
0.034, 0.0033786371, 2.0409038E-4, -0.0027989522, 0.015010653, -0.022684421, -0.004054494, 249.99536, 250.02634, 250.00697
0.035, -2.1266549E-4, -9.930105E-4, -0.0027989522, 0.01500321, -0.022719176, -0.0041524577, 249.99576, 250.02693, 250.00687
0.034, -0.0014097664, 0.0031968425, 1.9379985E-4, 0.014955278, -0.022610484, -0.0041458686, 249.99614, 250.02753, 250.00676
0.033, -8.112159E-4, 0.0025982922, 0.002588001, 0.014928508, -0.02252474, -0.0040604644, 249.99652, 250.0281, 250.00665
0.035, 3.8588495E-4, -0.0027886617, 7.923497E-4, 0.014942014, -0.022622343, -0.004032732, 249.9969, 250.0287, 250.00655
0.034, 0.0027800866, -0.0033872123, 0.0049822023, 0.015036536, -0.022737509, -0.003863337, 249.9973, 250.0293, 250.00644
0.035, 3.8588495E-4, -0.0015915609, 0.0037851026, 0.015050042, -0.022793213, -0.0037308584, 249.9977, 250.02989, 250.00635
0.037, 3.8588495E-4, 8.026408E-4, 0.0013909005, 0.0150643205, -0.022763515, -0.0036793952, 249.9981, 250.03049, 250.00626
0.037, -2.1266549E-4, 0.0019997417, 0.005580754, 0.015056452, -0.022689525, -0.0034729072, 249.99849, 250.03108, 250.00616
0.033, -0.002606867, 0.0037953928, 0.0043836525, 0.0149704255, -0.022564277, -0.0033282468, 249.99889, 250.03166, 250.00607
0.035, -0.0020083168, 0.0014011911, 7.923497E-4, 0.014900135, -0.022515235, -0.0033005145, 249.99927, 250.03224, 250.00598
0.034, -0.0020083168, -0.0015915609, 7.923497E-4, 0.014831852, -0.022569349, -0.0032735746, 249.99965, 250.03282, 250.00589
0.037, -2.1266549E-4, 2.0409038E-4, 1.9379985E-4, 0.014823983, -0.022561798, -0.0032664042, 250.00003, 250.0334, 250.0058
0.033, -8.112159E-4, 0.0014011911, 0.002588001, 0.0147972135, -0.022515558, -0.003181, 250.00041, 250.03398, 250.00572
0.035, -8.112159E-4, 2.0409038E-4, -0.0016018515, 0.014768821, -0.022508414, -0.003237065, 250.0008, 250.03456, 250.00563
0.035, -2.1266549E-4, -3.9446005E-4, -4.0475093E-4, 0.014761378, -0.02252222, -0.0032512313, 250.00117, 250.03514, 250.00554
0.035, -2.1266549E-4, -0.0015915609, -0.0045946036, 0.0, 0.0, 0.0, 250.00117, 250.03514, 250.00554
0.037, -0.0014097664, -0.0021901112, -0.0022004023, 0.0, 0.0, 0.0, 250.00117, 250.03514, 250.00554
0.034, -2.1266549E-4, -9.930105E-4, -0.0010033017, 0.0, 0.0, 0.0, 250.00117, 250.03514, 250.00554
0.032, 3.8588495E-4, -0.004584313, -0.0016018515, 0.0, 0.0, 0.0, 250.00117, 250.03514, 250.00554
0.035, -2.1266549E-4, -0.0039857626, -0.0022004023, 0.0, 0.0, 0.0, 250.00117, 250.03514, 250.00554
0.035, -0.0014097664, -0.0015915609, -0.0010033017, 0.0, 0.0, 0.0, 250.00117, 250.03514, 250.00554
0.034, -8.112159E-4, -0.0021901112, 7.923497E-4, 0.0, 0.0, 0.0, 250.00117, 250.03514, 250.00554
0.034, -0.0014097664, -0.0015915609, -0.0022004023, 0.0, 0.0, 0.0, 250.00117, 250.03514, 250.00554
0.034, -0.0055996194, 2.0409038E-4, -0.0039960537, 0.0, 0.0, 0.0, 250.00117, 250.03514, 250.00554
0.035, -0.0055996194, 0.0037953928, -0.0022004023, 0.0, 0.0, 0.0, 250.00117, 250.03514, 250.00554
0.035, -0.008592372, 0.010379447, 0.008573505, 0.0, 0.0, 0.0, 250.00117, 250.03514, 250.00554
0.033, -0.018169178, 0.005591044, -4.0475093E-4, 0.0, 0.0, 0.0, 250.00117, 250.03514, 250.00554
0.033, -0.008592372, -0.022540826, 0.006179304, 0.0, 0.0, 0.0, 250.00117, 250.03514, 250.00554
0.033, 0.0045757378, -0.016555322, -0.0057917046, 0.0, 0.0, 0.0, 250.00117, 250.03514, 250.00554
0.034, 0.0219337, -0.0063799643, -0.009383007, 0.0, 0.0, 0.0, 250.00117, 250.03514, 250.00554
0.035, 0.027919205, 0.021153355, 0.020544514, 0.0, 0.0, 0.0, 250.00119, 250.03514, 250.00554
0.034, 0.054853972, 0.019956253, 0.02952277, 0.0, 0.0, 0.0, 250.0012, 250.03514, 250.00555
0.037, 0.03570036, -0.065636456, 0.036106825, 0.0, 0.0, 0.0, 250.00122, 250.03513, 250.00557
0.034, 0.072211936, -0.024336478, 0.05585899, 0.0, 0.0, 0.0, 250.00125, 250.03511, 250.00558
0.033, 0.07640179, 0.09357795, 0.022938713, 0.0, 0.0, 0.0, 250.00128, 250.03514, 250.0056
0.036, 0.061438028, 0.084001146, 0.01874886, 0.0, 0.0, 0.0, 250.0013, 250.03517, 250.0056
0.035, 0.1607974, 0.025941757, 0.13965605, 0.005627909, 9.079615E-4, 0.004887962, 250.00151, 250.03516, 250.00577
0.033, 0.25417125, 0.027138859, 0.2078908, 0.014015561, 0.0018035439, 0.011748359, 250.00197, 250.03513, 250.00615
0.033, 0.2547698, -0.04289154, 0.14444445, 0.022422966, 3.881231E-4, 0.016515026, 250.00264, 250.0351, 250.00662
0.033, 0.18833071, -0.0069785146, 0.0690271, 0.028637879, 1.5783211E-4, 0.01879292, 250.00345, 250.0351, 250.00714
0.034, 0.21227273, 0.24321556, 0.014559009, 0.03585515, 0.008427162, 0.019287925, 250.00446, 250.03496, 250.00764
0.035, 0.27631763, 0.23363875, 0.006179304, 0.04552627, 0.016604517, 0.0195042, 250.00574, 250.0346, 250.00815
0.034, 0.19730897, 0.16360836, -0.05427429, 0.052234776, 0.022167202, 0.017658874, 250.00716, 250.03409, 250.00859
0.033, 0.2595582, 0.068438835, -0.032726474, 0.060800195, 0.024425684, 0.016578902, 250.00883, 250.03348, 250.009
0.034, 0.26913503, -0.018350974, -0.07881486, 0.06995079, 0.02380175, 0.013899196, 250.01074, 250.03285, 250.00934
0.033, 0.16139595, -0.08179732, -0.048887335, 0.07527685, 0.021102438, 0.012285914, 250.01276, 250.03227, 250.00964
0.034, 0.21466693, 0.02654031, 0.11092563, 0.08257553, 0.02200481, 0.016057385, 250.01498, 250.03172, 250.01009
0.033, 0.21167418, 0.045693923, 0.15042996, 0.08956078, 0.023512708, 0.021021575, 250.0174, 250.03113, 250.01068
0.033, 0.107526414, -0.02792778, 0.062443044, 0.093109146, 0.022591092, 0.023082195, 250.01985, 250.03053, 250.01129
0.035, 0.20149882, 0.10914026, 0.11750969, 0.100161605, 0.026411, 0.027195035, 250.02252, 250.02988, 250.01204
0.034, 0.121891625, 0.10135911, 0.02892422, 0.10430592, 0.02985721, 0.028178457, 250.02528, 250.02913, 250.01279
0.035, 0.10154091, -0.030920532, -0.062653996, 0.10785986, 0.028774992, 0.025985567, 250.02812, 250.02837, 250.01344
0.037, 0.27631763, 0.01277365, 0.01934741, 0.11808361, 0.029247617, 0.02670142, 250.03128, 250.0276, 250.01413
0.033, 0.14583364, -0.014759671, -0.012375759, 0.12289612, 0.028760549, 0.02629302, 250.03452, 250.02686, 250.01482
0.034, 0.02133515, -0.10633789, -0.020755466, 0.123621516, 0.02514506, 0.025587335, 250.03773, 250.02617, 250.01549
0.033, 0.12847567, -0.08419152, 0.23542412, 0.12786122, 0.02236674, 0.03335633, 250.0411, 250.02556, 250.01643
0.034, 0.029116305, -0.0578553, 0.42157328, 0.12885118, 0.02039966, 0.047689825, 250.04448, 250.02501, 250.0178
0.035, 0.11171627, -0.1230973, 0.80464554, 0.13276124, 0.016091254, 0.075852424, 250.04796, 250.02455, 250.02005
0.036, 0.3068437, -0.37209427, 1.6432148, 0.14380762, 0.0026958603, 0.13500816, 250.0518, 250.02435, 250.02411
0.035, 0.2296307, -0.327203, 2.0789595, 0.1518447, -0.008756245, 0.20777175, 250.05583, 250.02448, 250.03021
0.033, 0.21167418, -0.37867832, 2.256729, 0.15882994, -0.021252628, 0.2822438, 250.06004, 250.0249, 250.03831
0.033, 0.4708465, -0.30924648, 2.3548913, 0.17436787, -0.031457763, 0.3599552, 250.06473, 250.02562, 250.04846
0.034, 0.40979436, -0.09197268, 2.0574117, 0.18830088, -0.034584835, 0.4299072, 250.06976, 250.02649, 250.06035
0.033, 0.19311912, -0.03271618, 1.4642482, 0.1946738, -0.03566447, 0.47822738, 250.07489, 250.0274, 250.07327
0.034, 0.08657715, 0.2342373, 0.8716832, 0.19761743, -0.0277004, 0.5078646, 250.08006, 250.0282, 250.08676
0.034, 0.17097275, 0.81782395, 0.002588001, 0.2034305, 1.05615705E-4, 0.5079526, 250.08542, 250.02847, 250.09998
0.034, -0.3401893, 0.4251749, -0.6228972, 0.19186407, 0.014561563, 0.48677406, 250.09029, 250.02823, 250.11241
0.034, -0.44194287, 0.62808347, -1.2118708, 0.17683801, 0.035916403, 0.44557044, 250.09473, 250.02751, 250.12358
0.034, -0.14865318, 0.918979, -1.6470169, 0.1717838, 0.067161694, 0.38957185, 250.09915, 250.02608, 250.13316
0.033, -0.34557626, 0.6161125, -1.931927, 0.16037978, 0.087493405, 0.32581824, 250.1032, 250.02402, 250.14098
0.037, -0.26477197, 0.44791982, -1.909182, 0.15058322, 0.10406644, 0.2551785, 250.10703, 250.02147, 250.14697
0.035, -0.17139809, 0.22765325, -1.7391937, 0.14458428, 0.112034306, 0.19430673, 250.11072, 250.01863, 250.15143
0.033, -0.19474156, 0.11632287, -1.4333345, 0.13815781, 0.115872964, 0.14700669, 250.11424, 250.01567, 250.15475
0.033, -0.3377951, 0.025343208, -1.2848939, 0.12701058, 0.11670929, 0.1046052, 250.11743, 250.01265, 250.15704
0.034, -0.3066705, -0.06922776, -1.0759999, 0.11658379, 0.11435555, 0.0680212, 250.12036, 250.00964, 250.15845
0.034, -0.17319374, -0.050074145, -0.8365797, 0.1106952, 0.11265303, 0.03957749, 250.12318, 250.0067, 250.15918
0.034, -0.13368942, -0.039898787, -0.66000736, 0.106149755, 0.111296475, 0.01713724, 250.1259, 250.00378, 250.1594
0.035, 0.0069699395, -0.1207031, -0.40981326, 0.1063937, 0.10707187, 0.0027937768, 250.12866, 250.00096, 250.15933
0.033, 0.029116305, -0.16978423, -0.24640897, 0.10735454, 0.10146899, -0.005337719, 250.13147, 249.99826, 250.15912
0.034, 0.0069699395, -0.1278857, -0.17338581, 0.10759152, 0.09712087, -0.011232836, 250.13426, 249.9957, 250.15877
0.035, 0.02253225, -0.100950934, -0.16799887, 0.10838015, 0.09358759, -0.017112797, 250.13708, 249.99324, 250.15826
0.034, -0.07383437, -0.1242944, -0.20451044, 0.10586978, 0.089361586, -0.024066152, 250.1398, 249.99088, 250.15756
0.033, -0.10076913, -0.09017703, -0.19313799, 0.1025444, 0.08638574, -0.030439705, 250.14244, 249.9886, 250.15671
0.034, -0.029541636, -0.08897992, -0.085398905, 0.101539984, 0.083360426, -0.033343267, 250.14507, 249.9864, 250.1558
0.032, -0.009789472, -0.07042486, -0.04230328, 0.101226725, 0.08110683, -0.03469697, 250.14769, 249.98427, 250.15489
0.035, -0.06246191, -0.02792778, -0.081807606, 0.09904056, 0.080129355, -0.037560236, 250.15025, 249.98216, 250.15388
0.033, -0.04510395, -0.056059647, -0.11951628, 0.09755213, 0.07827938, -0.04150427, 250.15277, 249.98012, 250.15276
0.035, -0.043308295, -0.07880457, -0.10275687, 0.09603634, 0.07552122, -0.045100763, 250.15526, 249.97812, 250.15155
0.033, 0.0057728384, -0.054263998, -0.042901833, 0.09622684, 0.07373051, -0.046516523, 250.15776, 249.97618, 250.15033
0.037, 0.025525002, -0.0578553, -0.02733952, 0.09717127, 0.071589865, -0.047528084, 250.16031, 249.9743, 250.14908
0.037, 0.030911956, -0.06862921, -0.10275687, 0.098315015, 0.06905058, -0.05133009, 250.16289, 249.97247, 250.14772
0.034, -0.047498148, -0.08119877, -0.19134234, 0.09670008, 0.06628982, -0.057835728, 250.16539, 249.97072, 250.14615
0.034, -0.064856105, -0.08419152, -0.24162057, 0.09449497, 0.06342731, -0.06605083, 250.16783, 249.96904, 250.14435
0.034, -0.06605321, -0.012365468, -0.3044684, 0.09224916, 0.06300688, -0.07640275, 250.17021, 249.9674, 250.14226
0.034, -0.12830245, -0.01296402, -0.44033933, 0.08788688, 0.0625661, -0.09137429, 250.17245, 249.96577, 250.13972
0.034, -0.16900389, -0.02613213, -0.5373045, 0.082140744, 0.06167761, -0.10964265, 250.17453, 249.96416, 250.13669
0.036, -0.08341117, 0.024744658, -0.6677885, 0.07913794, 0.06256842, -0.13368303, 250.17656, 249.96254, 250.13298
0.034, -0.07263726, 0.118717074, -1.1184969, 0.07666828, 0.0666048, -0.17171192, 250.17853, 249.96086, 250.12813
0.033, -0.28272846, 0.2222663, -1.4476997, 0.067338236, 0.07393959, -0.21948601, 250.18019, 249.95901, 250.12193
0.034, -0.4114168, 0.28870538, -1.5320952, 0.053350065, 0.083755575, -0.27157724, 250.18144, 249.95692, 250.11435
0.034, -0.2982908, 0.24620831, -1.2872881, 0.043208178, 0.09212666, -0.31534505, 250.18246, 249.9546, 250.10571
0.033, 0.0027800866, 0.08878955, -0.6917305, 0.04329992, 0.09505671, -0.33817217, 250.1836, 249.95216, 250.0967
0.035, 0.12907422, -0.030321982, -0.39604658, 0.047817517, 0.093995444, -0.3520338, 250.18488, 249.9497, 250.0874
0.032, 0.14343943, -0.20569725, -0.16440757, 0.052407578, 0.08741313, -0.35729483, 250.18628, 249.94736, 250.07805
0.038, 0.06502934, -0.24819434, -0.032127924, 0.054878693, 0.07798175, -0.35851568, 250.18773, 249.94525, 250.06871
0.036, -0.07323582, -0.15482047, -0.065048195, 0.052242205, 0.072408214, -0.36085743, 250.18906, 249.94333, 250.05931
0.036, -0.041512646, -0.18534654, -0.08719456, 0.05074775, 0.06573574, -0.36399645, 250.19035, 249.94156, 250.04982
0.036, -0.2486111, -0.09676108, 0.07620971, 0.04179775, 0.062252343, -0.3612529, 250.19135, 249.93991, 250.04045
0.033, -0.017570628, -0.11172484, 0.17676617, 0.04121792, 0.058565423, -0.3554196, 250.19241, 249.93835, 250.03127
0.033, 0.13924958, -0.17098133, 0.2479937, 0.045813154, 0.05292304, -0.3472358, 250.19365, 249.93692, 250.02231
0.034, -0.112740144, -0.1219002, 0.45808485, 0.04197999, 0.04877843, -0.33166093, 250.19472, 249.93561, 250.01384
0.035, -0.10974739, 0.12589967, 0.77711225, 0.038138833, 0.05318492, -0.304462, 250.19568, 249.93427, 250.00618
0.033, 0.17935246, -0.09616253, 0.9608672, 0.044057466, 0.050011557, -0.27275336, 250.19688, 249.93294, 249.9994
0.034, 0.06323368, -0.31642908, 1.0859643, 0.046207413, 0.039252967, -0.23583058, 250.1981, 249.93181, 249.99364
0.035, -0.06665176, -0.19073349, 1.0889571, 0.043874603, 0.032577295, -0.19771707, 250.19923, 249.9309, 249.98886
0.033, 0.124285825, -0.24759579, 1.0075542, 0.047976036, 0.024406634, -0.16446778, 250.20053, 249.93018, 249.98492
0.036, 0.029714856, -0.25058854, 0.98421067, 0.04904577, 0.015385447, -0.1290362, 250.20183, 249.92969, 249.9819
0.034, 0.120095976, -0.3248088, 0.94410783, 0.053129036, 0.004341947, -0.09693654, 250.20326, 249.92947, 249.9797
0.036, 0.18473941, -0.35294065, 0.64662826, 0.059779655, -0.008363916, -0.07365792, 250.20488, 249.92957, 249.978
0.034, 0.07400759, -0.24759579, 0.4323472, 0.062295914, -0.016782172, -0.058958117, 250.20653, 249.92993, 249.97662
0.033, -0.0032054174, -0.038103137, 0.25517628, 0.062190134, -0.018039575, -0.0505373, 250.20815, 249.93039, 249.9754
0.034, 0.121891625, 0.07861419, 0.15282416, 0.06633445, -0.015366692, -0.045341276, 250.20992, 249.93082, 249.97427
0.033, 0.06862064, 0.04090552, 0.061844494, 0.068598926, -0.01401681, -0.04330041, 250.21173, 249.9312, 249.97316
0.035, -0.005001069, 0.03910987, 0.008573505, 0.06842389, -0.012647964, -0.043000337, 250.21352, 249.93155, 249.97205
0.034, 0.03390471, 0.04090552, 0.008573505, 0.06957665, -0.011257176, -0.042708836, 250.21535, 249.93185, 249.97093
0.036, 0.031510506, -0.0015915609, 0.036705375, 0.07071103, -0.011314472, -0.041387442, 250.2172, 249.93214, 249.96986
0.038, 0.024926452, -0.009372717, 0.040895227, 0.07165824, -0.011670635, -0.039833423, 250.21907, 249.93245, 249.96884
0.037, 0.024926452, 0.036117118, 0.036106825, 0.07258052, -0.010334302, -0.03849747, 250.22098, 249.93274, 249.96785
0.034, -0.011585124, 0.061854783, 0.01934741, 0.07218662, -0.008231239, -0.03783966, 250.22285, 249.93297, 249.96687
0.034, 9.844353E-4, 0.049285226, 0.016354661, 0.07222009, -0.0065555414, -0.0372836, 250.22473, 249.93315, 249.9659
0.035, 0.029714856, 0.020554805, 0.0049822023, 0.073260106, -0.005836123, -0.037109222, 250.22665, 249.9333, 249.96494
0.034, -8.112159E-4, 0.027138859, 0.002588001, 0.073232524, -0.004913402, -0.03702123, 250.22856, 249.93344, 249.96397
0.034, -0.023556132, 0.03970842, 0.006179304, 0.07243162, -0.0035633154, -0.036811136, 250.23042, 249.93355, 249.96301
0.034, -0.01996483, -0.0063799643, 0.003186551, 0.07175281, -0.0037802341, -0.036702793, 250.23228, 249.93364, 249.96205
0.039, -0.01996483, 0.005591044, 0.031916972, 0.07097418, -0.0035621834, -0.035458032, 250.23413, 249.93373, 249.96115
0.034, -0.030738737, 0.027138859, 0.04628218, 0.06992906, -0.0026394622, -0.03388444, 250.23593, 249.9338, 249.96028
0.035, -0.0020083168, 0.004393943, 0.021741614, 0.069858775, -0.0024856743, -0.033123482, 250.23775, 249.93387, 249.95943
0.037, 0.014751095, 0.008583797, 0.021143064, 0.07040457, -0.0021680738, -0.03234119, 250.23958, 249.93393, 249.95859
0.032, 0.0015829857, -0.0021901112, 0.0037851026, 0.07045522, -0.0022381574, -0.032220066, 250.24141, 249.93399, 249.95775
0.034, 0.012356893, 0.021751905, -0.017762713, 0.070875354, -0.0014985926, -0.032824, 250.24326, 249.93404, 249.9569
0.034, 0.026722103, 0.05048233, -0.026740968, 0.07178391, 2.1780678E-4, -0.033733193, 250.24513, 249.93405, 249.95601
0.035, 0.044678617, 0.044496823, -0.03990908, 0.07334766, 0.0017751956, -0.03513001, 250.24706, 249.93402, 249.95508
0.037, 0.006371389, -0.019548073, -0.05666849, 0.0735834, 0.0010519169, -0.037226744, 250.24896, 249.93399, 249.9541
0.035, -0.026548885, 0.0031968425, -0.0686395, 0.07265419, 0.0011638063, -0.039629128, 250.25084, 249.93396, 249.95303
0.034, -0.064257555, -0.010569816, -0.07761775, 0.07046943, 8.0443255E-4, -0.04226813, 250.25266, 249.93394, 249.9519
0.034, -0.016972078, -0.04408864, -0.063252546, 0.069892384, -6.945813E-4, -0.04441872, 250.25447, 249.93394, 249.95073
0.034, -0.04630105, -0.06683356, -0.14046554, 0.06831815, -0.0029669225, -0.04919455, 250.25623, 249.934, 249.9494
0.033, -0.013979325, -0.09017703, -0.17099161, 0.06785683, -0.0059427647, -0.05483727, 250.258, 249.93413, 249.94792
0.033, 0.057248175, -0.08778282, -0.09437717, 0.069746025, -0.008839598, -0.05795172, 250.25983, 249.93433, 249.94638
0.034, -0.063659005, -0.08179732, 0.030121319, 0.06758162, -0.011620707, -0.056927595, 250.26157, 249.9346, 249.94492
0.034, -0.01876773, -0.14284946, 0.07980101, 0.06694351, -0.016477589, -0.054214362, 250.2633, 249.93498, 249.94354
0.034, -0.17798215, -0.23682187, 0.03371262, 0.060892116, -0.024529532, -0.05306813, 250.26483, 249.93555, 249.94218
0.033, -0.112740144, -0.2847059, 0.016953211, 0.05717169, -0.033924825, -0.052508675, 250.26628, 249.93634, 249.94083
0.037, 0.20030172, -0.056658197, 0.2126792, 0.064582855, -0.03602118, -0.044639543, 250.26802, 249.93726, 249.93974
0.034, 0.32659587, -0.025533577, 0.40900373, 0.07568712, -0.036889322, -0.030733414, 250.2701, 249.9382, 249.93909
0.035, 0.26374808, -0.21587262, 0.44012836, 0.0849183, -0.044444863, -0.015328921, 250.2724, 249.93929, 249.93884
0.036, 0.108124964, -0.40262035, 0.4610776, 0.088810794, -0.058939196, 0.0012698714, 250.27473, 249.94067, 249.93903
0.033, 0.0955554, -0.38346672, 0.3659081, 0.091964126, -0.0715936, 0.013344838, 250.27716, 249.94241, 249.9395
0.034, 0.014751095, -0.4104015, -0.0027989522, 0.09246566, -0.085547246, 0.013249674, 250.27957, 249.9445, 249.93985
0.036, -0.0445054, -0.36910152, 0.085786514, 0.090863466, -0.0988349, 0.016337989, 250.28192, 249.94695, 249.9403
0.033, 0.014152545, -0.18055815, 0.025332917, 0.0913305, -0.10479332, 0.017173976, 250.2843, 249.94962, 249.94077
0.033, 0.10094236, -0.020745175, 0.15701401, 0.09466159, -0.10547791, 0.022355437, 250.28679, 249.95236, 249.94139
0.033, 0.13805248, -0.14344801, 0.37249216, 0.099217325, -0.11021169, 0.03464768, 250.28941, 249.95518, 249.94241
0.033, 0.14523508, -0.45230004, 0.72024995, 0.10401008, -0.1251376, 0.058415927, 250.29216, 249.95828, 249.94418
0.035, -0.016972078, -0.5019797, 1.3750641, 0.10341606, -0.14270689, 0.10654317, 250.29485, 249.96182, 249.94742
0.033, 0.122490175, -0.7461883, 2.1866984, 0.10745824, -0.1673311, 0.17870422, 250.29768, 249.96591, 249.9528
0.035, 0.1619945, -0.766539, 2.825352, 0.11312805, -0.19415997, 0.27759153, 250.30069, 249.9707, 249.96098
0.033, 0.39243641, -0.5127536, 3.28444, 0.12607846, -0.21108083, 0.38597804, 250.30411, 249.97603, 249.97214
0.034, 0.25536835, -0.48462176, 2.8522866, 0.13476098, -0.22755797, 0.48295578, 250.30771, 249.98178, 249.98566
0.034, -0.21150097, -0.35593343, 1.8970002, 0.12756994, -0.23965971, 0.54745376, 250.31094, 249.98788, 250.00053
0.032, -0.31744438, -0.30505663, 1.2379961, 0.117411725, -0.24942152, 0.58706963, 250.31389, 249.99426, 250.0162
0.034, -0.2994879, -0.100352384, 0.8052441, 0.107229136, -0.25283352, 0.61444795, 250.31657, 250.00081, 250.03246
0.033, -0.31505018, 0.4359488, 0.31562987, 0.096832484, -0.2384472, 0.62486374, 250.31898, 250.00716, 250.04881
0.034, -0.25519514, 1.038689, -0.58219576, 0.08815585, -0.20313178, 0.6050691, 250.32118, 250.01279, 250.06435
0.035, -0.1773836, 1.114705, -1.1496215, 0.08194742, -0.1641171, 0.5648323, 250.32326, 250.01744, 250.07864
0.034, -0.16361694, 1.0291122, -1.4710431, 0.07638445, -0.12912728, 0.5148169, 250.32518, 250.02115, 250.09152
0.036, -0.14266767, 0.8477515, -1.7481719, 0.07124841, -0.098608226, 0.4518827, 250.32698, 250.024, 250.10268
0.034, -0.07682712, 0.5502719, -1.931927, 0.06863629, -0.07989898, 0.38619718, 250.32874, 250.02626, 250.11206
0.033, -0.04510395, 0.23782861, -1.9169632, 0.06714786, -0.07205064, 0.3229374, 250.33046, 250.02821, 250.11981
0.035, -0.06605321, -0.050074145, -1.9277371, 0.064835995, -0.07380323, 0.2554666, 250.33212, 250.03012, 250.1258
0.032, -0.055877857, -0.19971175, -1.8451371, 0.0630479, -0.08019401, 0.19642222, 250.33374, 250.03215, 250.13028
0.033, -0.010986573, -0.30146533, -1.6236734, 0.06268534, -0.09014237, 0.142841, 250.33537, 250.0344, 250.13344
0.035, 0.06383223, -0.31762618, -1.1998998, 0.06491947, -0.10125928, 0.1008445, 250.33708, 250.03693, 250.13565
0.04, 0.012955444, -0.20090885, -0.9790347, 0.06543769, -0.10929564, 0.061683115, 250.33879, 250.0397, 250.13692
0.032, -0.015176427, -0.24580014, -1.0269186, 0.064952046, -0.117161244, 0.028821718, 250.34048, 250.04268, 250.13731
0.034, 0.03450326, -0.19013494, -0.8832666, 0.066125154, -0.12362583, -0.0012093484, 250.34222, 250.04584, 250.13698
0.034, 0.058445275, -0.065037906, -0.77792174, 0.06811229, -0.12583712, -0.02765869, 250.34401, 250.04909, 250.136
0.034, 0.10094236, -0.10633789, -0.9149898, 0.071544334, -0.1294526, -0.058768347, 250.3459, 250.05243, 250.13417
0.035, 0.14044668, -0.112921946, -1.0676202, 0.07645997, -0.13340487, -0.09613505, 250.34793, 250.05585, 250.1313
0.034, 0.13625683, 0.044496823, -1.2465867, 0.0810927, -0.13189198, -0.138519, 250.35008, 250.0593, 250.12727
0.033, 0.20030172, 0.12350547, -1.2842953, 0.087702654, -0.1278163, -0.18090075, 250.35242, 250.06267, 250.12215
0.033, 0.23741186, 0.18395907, -1.4405171, 0.095537245, -0.12174565, -0.22843781, 250.35498, 250.06589, 250.11572
0.034, 0.12727857, 0.36412275, -1.6111039, 0.099864714, -0.10936548, -0.28321534, 250.35762, 250.06885, 250.1078
0.033, -0.06545466, 0.41619664, -1.6889155, 0.09770471, -0.09563099, -0.33894956, 250.36014, 250.07147, 250.09842
0.035, -0.19713576, 0.21867499, -1.4866054, 0.09080496, -0.087977365, -0.39098075, 250.36244, 250.07384, 250.08775
0.037, -0.14027347, 0.10794316, -1.0855767, 0.08561484, -0.083983466, -0.4311471, 250.36462, 250.07605, 250.07617
0.035, -0.112141594, 0.14265908, -0.7450015, 0.08168988, -0.0789904, -0.45722216, 250.36671, 250.07816, 250.06403
0.035, 0.0045757378, 0.23124455, -0.10694672, 0.08185003, -0.07089684, -0.4609653, 250.36884, 250.08008, 250.05202
0.034, 0.09735106, 0.02833596, 0.29527915, 0.085159965, -0.06993342, -0.45092583, 250.37108, 250.08191, 250.0404
0.036, 0.015349645, -0.040497337, 0.34017044, 0.08571255, -0.07139133, -0.4386797, 250.3733, 250.08376, 250.02913
0.035, 0.17216985, 0.025343208, 1.0787817, 0.0917385, -0.070504315, -0.40092233, 250.37575, 250.0856, 250.01907
0.035, 0.2284336, -0.08838137, 1.3660859, 0.09973367, -0.07359766, -0.35310933, 250.37842, 250.08748, 250.01035
0.034, 0.27631763, -0.38346672, 1.7563407, 0.109128475, -0.08663553, -0.29339373, 250.38135, 250.08961, 250.00331
0.035, 0.10094236, -0.03151908, 1.9909725, 0.11266146, -0.0877387, -0.2237097, 250.38431, 250.09189, 249.99817
0.036, 0.027320653, 0.11333012, 2.2764812, 0.113645, -0.083658814, -0.14175639, 250.38728, 250.09412, 249.99524
0.037, -0.09717783, -0.2523842, 2.0298784, 0.11004942, -0.09299703, -0.06665088, 250.39012, 250.09644, 249.99419
0.037, -0.1205213, -0.30804938, 1.6354336, 0.105590135, -0.10439485, -0.006139841, 250.39282, 250.09904, 249.99458
0.034, -0.06904596, -0.2643552, 1.4247439, 0.10324257, -0.11338293, 0.042301454, 250.39548, 250.1019, 249.99617
0.033, 0.03929166, -0.052468345, 1.0530441, 0.10453919, -0.11511438, 0.07705191, 250.39821, 250.10487, 249.99852
0.034, 0.13984813, 0.048686676, 0.78429484, 0.10929403, -0.113459036, 0.10371794, 250.4011, 250.10783, 250.00148
0.034, 0.26973358, 0.018160602, 0.61131376, 0.11846497, -0.11284158, 0.12450261, 250.40427, 250.11076, 250.00493
0.033, 0.27332488, 0.066044636, 0.45090225, 0.1274847, -0.1106621, 0.13938238, 250.40767, 250.11366, 250.0087
0.034, 0.19311912, -0.02852633, 0.19053283, 0.13405074, -0.111632, 0.1458605, 250.41121, 250.11655, 250.01256
0.037, 0.09974526, -0.06683356, 0.09237057, 0.13774131, -0.11410484, 0.14927821, 250.41483, 250.11949, 250.01646
0.033, 0.00876559, -0.020745175, 0.049873482, 0.13803057, -0.11478943, 0.15092403, 250.41841, 250.12248, 250.0204
0.036, -0.037322793, 0.031328715, 0.059450287, 0.13668695, -0.113661595, 0.15306424, 250.42195, 250.12546, 250.0244
0.034, 0.0021815363, 0.069635935, 0.09476477, 0.13676113, -0.11129397, 0.15628624, 250.4255, 250.12839, 250.02849
0.033, -0.015774976, 0.1701924, 0.0666329, 0.13624056, -0.10567762, 0.15848513, 250.42905, 250.1312, 250.03262
0.034, 0.03330616, 0.17917067, 0.057056088, 0.13737297, -0.099585816, 0.16042504, 250.43263, 250.13385, 250.0368
0.033, 0.062036578, 0.12230837, 0.086385064, 0.13942018, -0.09554964, 0.16327575, 250.43628, 250.13638, 250.04108
0.035, 0.10992061, 0.061256234, 0.12469229, 0.14326741, -0.09340567, 0.16763999, 250.44003, 250.13882, 250.04549
0.034, 0.12847567, 0.044496823, 0.12948069, 0.14763558, -0.09189278, 0.17204233, 250.44392, 250.14124, 250.05
0.033, 0.056051075, 0.12649822, 0.11391838, 0.14948526, -0.08771834, 0.17580163, 250.44783, 250.14355, 250.05463
0.035, 0.051861223, 0.119315624, 0.09177202, 0.1513004, -0.08354229, 0.17901365, 250.45178, 250.14577, 250.05931
0.035, 0.051861223, 0.060657684, 0.09237057, 0.15311554, -0.08141927, 0.18224663, 250.45578, 250.1479, 250.06409
0.039, 0.0021815363, -0.040497337, 0.08877926, 0.15320063, -0.08299866, 0.18570901, 250.45976, 250.15004, 250.06894
0.033, -0.041512646, -0.041095886, 0.08818071, 0.1518307, -0.084354825, 0.18861897, 250.4637, 250.15222, 250.07387
0.034, -0.038519893, -0.036906034, 0.09296912, 0.15052103, -0.08560963, 0.19177993, 250.46759, 250.15443, 250.07889
0.036, -0.022359032, -0.018350974, 0.10733433, 0.1497161, -0.086270265, 0.19564396, 250.47148, 250.15668, 250.084
0.035, 0.041087314, 0.069037385, 0.098356076, 0.15115415, -0.08385396, 0.19908643, 250.47543, 250.15889, 250.0892
0.034, 0.11171627, 0.07322724, 0.103144474, 0.1549525, -0.08136424, 0.20259334, 250.47949, 250.16104, 250.0945
0.033, 0.14523508, -0.21886536, 0.31084147, 0.15974525, -0.08858679, 0.2128511, 250.48369, 250.16327, 250.10014
0.035, -0.17139809, 0.07143159, 0.35932404, 0.1537463, -0.08608669, 0.22542745, 250.48763, 250.16554, 250.10612
0.037, -0.43775302, 0.44372997, 0.22465022, 0.13754945, -0.06966868, 0.23373951, 250.49104, 250.16751, 250.11227
0.035, -0.38328493, 0.63885736, 0.024734367, 0.12413447, -0.047308672, 0.23460521, 250.49416, 250.16896, 250.1184
0.036, -0.3886719, 0.5993531, -0.07761775, 0.11014228, -0.025731962, 0.23181097, 250.49689, 250.16983, 250.12439
0.035, -0.30128354, 0.6478357, -0.16859742, 0.09959736, -0.0030577127, 0.22591007, 250.49937, 250.17012, 250.1302
0.034, -0.07503147, 0.544885, -0.1374728, 0.097046286, 0.015468378, 0.22123599, 250.50186, 250.1699, 250.13591
0.033, -0.079221316, 0.47784734, -0.1350786, 0.09443198, 0.03123734, 0.2167784, 250.50429, 250.16927, 250.1415
0.038, -0.06126481, 0.44133574, -0.17578003, 0.09210392, 0.0480081, 0.21009876, 250.50667, 250.16817, 250.1469
0.034, 0.090767, 0.15642574, 1.9379985E-4, 0.095189996, 0.053326573, 0.21010534, 250.50917, 250.16682, 250.15236
0.034, 0.0015829857, 0.14804605, 0.09476477, 0.09524382, 0.058360137, 0.21332735, 250.51164, 250.16536, 250.15793
0.037, -0.13249232, 0.28391698, -0.08659601, 0.090341605, 0.06886507, 0.2101233, 250.51395, 250.16367, 250.16336
0.035, -0.06844741, 0.13008954, 0.059450287, 0.087945946, 0.0734182, 0.21220405, 250.5162, 250.1618, 250.1689
0.037, -0.13249232, 0.27194598, -0.062055446, 0.08304373, 0.0834802, 0.20990801, 250.51833, 250.15973, 250.17435
0.035, -0.23304878, 0.3030706, -0.25838, 0.07488702, 0.094087675, 0.2008647, 250.5202, 250.1574, 250.17947
0.033, -0.042111196, 0.21209094, 0.10972853, 0.073497355, 0.101086676, 0.20448574, 250.5221, 250.15485, 250.18481
0.036, -0.09897348, 0.07861419, 0.19651835, 0.06993431, 0.10391679, 0.2115604, 250.52388, 250.15218, 250.19037
0.039, -0.048096698, 0.03492002, 0.021741614, 0.068058535, 0.10527867, 0.21240832, 250.52563, 250.14946, 250.19589
0.036, -0.041512646, 0.022949006, 0.06603435, 0.06656408, 0.106104836, 0.21478556, 250.52734, 250.14671, 250.20149
0.033, -0.047498148, 0.017562052, 0.062443044, 0.064996645, 0.10668439, 0.21684618, 250.52902, 250.14394, 250.20714
0.033, -0.0457025, 0.070234485, 0.003186551, 0.06348846, 0.10900213, 0.21695134, 250.53065, 250.14113, 250.21278
0.034, -0.025950333, 0.07801564, -0.014769961, 0.06260615, 0.11165466, 0.21644916, 250.53227, 250.13826, 250.21841
0.033, 0.00876559, -0.014161119, 0.086385064, 0.06289541, 0.11118735, 0.21929987, 250.5339, 250.13538, 250.22415
0.034, -0.012183674, -0.065636456, 0.0690271, 0.062481165, 0.1089557, 0.22164679, 250.53552, 250.13252, 250.22995
0.034, -0.055877857, -0.0578553, 0.0103691565, 0.06058132, 0.106988624, 0.22199933, 250.53708, 250.12973, 250.23572
0.036, -0.04869525, -0.039898787, 0.014559009, 0.05882829, 0.10555227, 0.22252345, 250.53859, 250.12697, 250.2415
0.034, -0.02176048, -0.04229299, 0.05346479, 0.058088433, 0.10411431, 0.22434126, 250.5401, 250.12425, 250.24734
0.034, -0.010986573, -0.023139376, 0.07740681, 0.05771489, 0.10332757, 0.22697309, 250.5416, 250.12155, 250.25328
0.036, 0.024327902, 0.0031968425, 0.10853143, 0.058590695, 0.10344266, 0.23088022, 250.54314, 250.11887, 250.25931
0.034, 0.041685864, -0.008175615, 0.24559946, 0.060008015, 0.10316469, 0.2392306, 250.54471, 250.11618, 250.26561
0.034, 0.0033786371, 0.0031968425, 0.5083631, 0.06012289, 0.10327338, 0.25651494, 250.54626, 250.1135, 250.27245
0.032, 0.011159793, -0.053066894, 0.9207643, 0.060480002, 0.10157523, 0.2859794, 250.54784, 250.11084, 250.28018
0.036, 0.2224481, -0.29248706, 2.0633972, 0.068488136, 0.0910457, 0.36026168, 250.5497, 250.10838, 250.29025
0.033, 0.32958862, -0.48701596, 2.708036, 0.07936456, 0.07497417, 0.44962686, 250.55186, 250.10626, 250.30286
0.034, 0.47743058, -0.7886854, 3.1306126, 0.0955972, 0.04815887, 0.5560677, 250.55452, 250.10475, 250.31837
0.033, 0.464861, -0.8090361, 3.2886298, 0.11093761, 0.021460678, 0.6645925, 250.55756, 250.10391, 250.33676
0.036, 0.20688578, -0.4451174, 2.733175, 0.1183855, 0.005436452, 0.7629868, 250.56071, 250.10362, 250.35753
0.034, 0.0955554, -0.09137413, 2.1693406, 0.12163439, 0.0023297316, 0.83674437, 250.5639, 250.10353, 250.38002
0.034, -0.058870606, 0.53830093, 1.4067874, 0.11963279, 0.020631963, 0.8845751, 250.567, 250.10318, 250.40349
0.034, -0.053483654, 0.6879385, 0.8561209, 0.11781435, 0.044021875, 0.91368324, 250.57005, 250.10226, 250.42754
0.034, 0.0033786371, 0.7908892, 0.33837476, 0.11792922, 0.07091211, 0.925188, 250.57312, 250.1007, 250.45169
0.033, -2.1266549E-4, 0.80345875, -0.40981326, 0.1179222, 0.09742625, 0.9116642, 250.57619, 250.09843, 250.47525
0.033, -0.08819957, 0.7555747, -1.5566359, 0.11501162, 0.122360215, 0.8602952, 250.57915, 250.09552, 250.4971
0.034, -0.25998354, 0.5125632, -2.230005, 0.106172174, 0.13978736, 0.78447497, 250.58182, 250.09206, 250.51675
0.033, -0.21150097, 0.34077927, -2.5933251, 0.09919264, 0.15103307, 0.6988952, 250.58432, 250.08826, 250.53406
0.033, -0.16541259, 0.23124455, -2.7908468, 0.093734026, 0.15866414, 0.6067973, 250.5867, 250.08421, 250.54889
0.034, -0.21090242, 0.09836636, -2.9452727, 0.08656334, 0.1620086, 0.506658, 250.58887, 250.08003, 250.56107
0.035, -0.23065458, 0.037912767, -2.729196, 0.07849043, 0.16333555, 0.41113615, 250.59084, 250.0758, 250.57085
0.033, -0.16840534, -0.046482842, -2.4185483, 0.072933055, 0.1618016, 0.33132404, 250.59267, 250.07158, 250.57864
0.035, -0.08879813, -0.1230973, -2.1905007, 0.06982512, 0.1574932, 0.25465652, 250.59445, 250.06744, 250.58452
0.035, -0.028344536, -0.10633789, -2.0312862, 0.06883306, 0.15377137, 0.1835615, 250.59622, 250.06342, 250.58861
0.034, -0.052885104, -0.15003207, -2.0779731, 0.06703497, 0.14867029, 0.11291041, 250.59795, 250.05951, 250.59084
0.033, -0.16421549, -0.15003207, -2.1623688, 0.061615855, 0.14371923, 0.041552246, 250.59949, 250.05573, 250.59119
0.035, -0.09298798, -0.15781322, -2.1671572, 0.058361277, 0.13819577, -0.034298256, 250.60097, 250.0521, 250.58957
0.034, -0.16601114, -0.35473633, -2.3054223, 0.052716896, 0.12613474, -0.11268262, 250.60228, 250.04869, 250.58586
0.033, -0.33719656, -0.1943248, -2.1474051, 0.04158941, 0.11972202, -0.18354699, 250.60326, 250.04552, 250.58035
0.036, -0.26297632, 0.0834026, -1.7302154, 0.03212226, 0.12272452, -0.24583474, 250.604, 250.04236, 250.57338
0.033, -0.017570628, 0.2970851, -1.2400026, 0.03154243, 0.13252832, -0.28675482, 250.60483, 250.03902, 250.5655
0.034, -0.15763143, 0.27972713, -1.0149477, 0.026182963, 0.14203905, -0.32126305, 250.60547, 250.03542, 250.55682
0.034, -0.14027347, 0.38088214, -0.47266105, 0.021413665, 0.15498903, -0.33733353, 250.60597, 250.03151, 250.5479
0.033, 0.15960029, 0.32880828, 0.09775752, 0.026680475, 0.1658397, -0.33410752, 250.60672, 250.0273, 250.53925
0.035, 0.06981774, 0.037314218, 0.050472032, 0.029124096, 0.1671457, -0.332341, 250.60751, 250.02296, 250.53062
0.034, -0.09777638, 0.27912858, 0.24559946, 0.0257997, 0.17663607, -0.3239906, 250.60815, 250.01846, 250.52228
0.034, -0.22167632, 0.21149239, 0.6867311, 0.018262703, 0.1838268, -0.30064175, 250.60855, 250.01376, 250.5147
0.035, -0.06844741, -0.14105381, 1.0733948, 0.015867043, 0.17888992, -0.26307294, 250.60893, 250.00906, 250.50822
0.033, 0.103935115, -0.35772908, 1.3840424, 0.019296901, 0.16708486, -0.21739954, 250.60947, 250.0046, 250.50305
0.038, 0.030911956, -0.32181603, 1.20747, 0.020471556, 0.15485585, -0.17151567, 250.61002, 250.00046, 250.49901
0.035, 0.2284336, -0.32301313, 1.4588612, 0.028466731, 0.14355038, -0.12045553, 250.61084, 249.99661, 250.49637
0.035, 0.0219337, 0.015167851, 1.2362005, 0.029234411, 0.14408125, -0.07718852, 250.6116, 249.99286, 250.49477
0.035, 0.027320653, 0.042701174, 1.1398338, 0.030190634, 0.14557579, -0.03729434, 250.6124, 249.98909, 250.49417
0.034, 0.26733938, 0.011576548, 1.5199134, 0.039280172, 0.14596939, 0.01438272, 250.61351, 249.98529, 250.49507
0.034, 0.27093068, -0.100950934, 1.4361163, 0.048491817, 0.14253706, 0.06321068, 250.61487, 249.98155, 250.49721
0.036, 0.19551332, -0.15781322, 1.1619803, 0.055530295, 0.13685578, 0.105041966, 250.61638, 249.97795, 250.50034
0.033, 0.14284088, -0.13207556, 1.0207223, 0.060244042, 0.13249728, 0.1387258, 250.618, 249.97446, 250.50429
0.033, 0.12608147, -0.2631581, 0.71306735, 0.06440473, 0.12381306, 0.16225703, 250.61972, 249.97115, 250.50874
0.034, 0.025525002, -0.34216675, 0.5113559, 0.065272585, 0.11217939, 0.17964312, 250.62143, 249.96811, 250.51358
0.035, -0.010388023, -0.25956678, 0.3838646, 0.064909, 0.103094555, 0.19307838, 250.62312, 249.96533, 250.51874
0.033, 0.017743846, -0.13327266, 0.2922864, 0.06549455, 0.09869656, 0.20272383, 250.62483, 249.96272, 250.5241
0.037, -0.0445054, 0.0905852, 0.014559009, 0.063847855, 0.10204821, 0.20326251, 250.62648, 249.9601, 250.52937
0.034, -0.03313294, 0.13607503, -0.080610506, 0.062721334, 0.10667476, 0.20052175, 250.6281, 249.95737, 250.53456
0.034, -0.02056338, 0.18336052, -0.058464143, 0.06202218, 0.11290902, 0.19853397, 250.62971, 249.9545, 250.5397
0.034, -0.025950333, 0.13188519, -0.062653996, 0.061139867, 0.11739311, 0.19640373, 250.63129, 249.95149, 250.5448
0.034, -0.0067967204, -0.0027886617, -0.021952566, 0.06090878, 0.1172983, 0.19565734, 250.63287, 249.94844, 250.54988
0.033, -0.009789472, -0.009372717, -0.03093082, 0.060585726, 0.116989, 0.19463663, 250.63445, 249.9454, 250.55493
0.033, 0.0039771874, 0.037912767, 0.0049822023, 0.06071697, 0.118240125, 0.19480105, 250.63602, 249.94235, 250.56
0.033, 0.005174288, 0.021153355, 0.0013909005, 0.060887724, 0.118938185, 0.19484694, 250.6376, 249.93925, 250.56506
0.034, -0.030140188, -0.025533577, -0.03931053, 0.059862956, 0.11807004, 0.19351038, 250.63914, 249.93617, 250.57008
0.036, -0.009190922, -0.01595677, 0.013361909, 0.059532084, 0.1174956, 0.19399141, 250.64069, 249.93312, 250.57513
0.034, 0.057248175, -0.011766918, 0.11032708, 0.06147852, 0.11709552, 0.19774252, 250.6423, 249.93007, 250.5803
0.034, 0.031510506, 0.007386695, 0.01874886, 0.06254988, 0.11734667, 0.19837998, 250.64395, 249.92702, 250.58546
0.034, -0.037322793, 0.004393943, -0.057267044, 0.061280906, 0.11749606, 0.1964329, 250.64552, 249.92397, 250.59056
0.034, -0.09418508, 0.033124365, -0.11053803, 0.058078613, 0.11862229, 0.1926746, 250.647, 249.9209, 250.59554
0.034, -0.064257555, 0.04090552, -0.10814382, 0.055893857, 0.12001307, 0.18899772, 250.64844, 249.9178, 250.60042
0.033, -0.031337287, 0.0917823, -0.1314873, 0.054859728, 0.12304189, 0.18465863, 250.64984, 249.91463, 250.60518
0.035, -0.022957582, 0.10914026, -0.085398905, 0.054056212, 0.1268618, 0.18166967, 250.65123, 249.91136, 250.60988
0.034, 0.03929166, 0.0822055, 0.11930534, 0.055392127, 0.12965678, 0.18572605, 250.65268, 249.90802, 250.61475
0.033, 0.03450326, 0.0157664, 0.09117347, 0.056530736, 0.13017707, 0.18873477, 250.65416, 249.90463, 250.61969
0.034, -0.0073952707, -0.082395874, 0.08997636, 0.056279298, 0.1273756, 0.19179396, 250.65562, 249.90129, 250.62471
0.033, -0.022957582, 0.018759154, -0.033923574, 0.055521697, 0.12799466, 0.19067448, 250.65706, 249.89796, 250.62965
0.034, -0.025351783, 0.03492002, -0.083004706, 0.054659735, 0.12918194, 0.18785232, 250.65846, 249.89462, 250.6345
0.036, 0.018940948, -0.09017703, 0.18634298, 0.05534161, 0.12593557, 0.19456068, 250.6599, 249.89131, 250.63963
0.033, 0.02133515, -0.14105381, 0.024734367, 0.05604567, 0.1212808, 0.19537692, 250.66135, 249.8881, 250.64473
0.037, 0.0033786371, 0.013970749, 0.09117347, 0.05617068, 0.12179772, 0.19875033, 250.66281, 249.88493, 250.64993
0.032, -0.09119233, 0.07801564, 0.07860391, 0.053252526, 0.12429422, 0.20126566, 250.66417, 249.88173, 250.6552
0.033, -0.20970532, 0.065446086, -0.23563507, 0.04633225, 0.12645394, 0.1934897, 250.6653, 249.87846, 250.66016
0.035, -0.0032054174, 0.0822055, -0.006390255, 0.04622006, 0.12933113, 0.19326605, 250.6665, 249.87514, 250.66518
0.034, 0.0033786371, 0.031927265, -0.0045946036, 0.046334933, 0.13041665, 0.19310983, 250.66771, 249.87177, 250.6702
0.035, 0.0021815363, 0.010379447, -0.008185906, 0.046411287, 0.13077992, 0.19282332, 250.66891, 249.86836, 250.67522
0.035, 0.0015829857, -0.0021901112, -0.008784456, 0.046466693, 0.13070327, 0.19251586, 250.67012, 249.86496, 250.68022
0.034, 9.844353E-4, -0.0063799643, -0.0022004023, 0.046500165, 0.13048635, 0.19244105, 250.67133, 249.86157, 250.68523
0.033, 0.0039771874, -0.008774166, -0.0022004023, 0.04663141, 0.13019681, 0.19236843, 250.67253, 249.85818, 250.69023
0.036, 9.844353E-4, -0.008774166, 1.9379985E-4, 0.04666685, 0.12988093, 0.1923754, 250.67375, 249.85481, 250.69524
0.034, -0.0020083168, -0.011168368, 0.0019894512, 0.046598565, 0.12950121, 0.19244304, 250.67496, 249.85144, 250.70024
0.034, -0.002606867, -0.011766918, 7.923497E-4, 0.046509933, 0.12910113, 0.19246998, 250.67616, 249.84808, 250.70525
0.035, -2.1266549E-4, -0.010569816, -0.0045946036, 0.04650249, 0.12873119, 0.19230917, 250.67737, 249.84474, 250.71025
0.037, 3.8588495E-4, -0.009372717, -0.0010033017, 0.04651677, 0.1283844, 0.19227205, 250.67857, 249.8414, 250.71526
0.034, -2.1266549E-4, -0.005781414, -4.0475093E-4, 0.046509538, 0.12818784, 0.19225828, 250.67978, 249.83807, 250.72026
0.034, -0.0014097664, -0.005182863, 1.9379985E-4, 0.046461605, 0.12801161, 0.19226487, 250.68098, 249.83475, 250.72527
0.034, -0.0020083168, -0.005182863, 0.003186551, 0.04639332, 0.1278354, 0.19237322, 250.68219, 249.83142, 250.73027
0.033, 3.8588495E-4, -0.0027886617, 1.9379985E-4, 0.046406053, 0.12774336, 0.19237961, 250.6834, 249.8281, 250.73528
0.034, 9.844353E-4, -0.0039857626, -0.003397503, 0.046439525, 0.12760785, 0.1922641, 250.6846, 249.82478, 250.74028
0.035, 0.0021815363, -0.005781414, -0.0057917046, 0.04651588, 0.12740551, 0.19206138, 250.6858, 249.82147, 250.74527
0.034, 0.0015829857, -0.005182863, -0.008185906, 0.0465697, 0.12722929, 0.19178306, 250.68701, 249.81816, 250.75026
0.036, 0.0027800866, -0.004584313, -0.006390255, 0.046669785, 0.12706426, 0.19155301, 250.68823, 249.81485, 250.75523
0.034, 0.0021815363, -0.004584313, 1.9379985E-4, 0.046743955, 0.12690839, 0.1915596, 250.68945, 249.81155, 250.76021
0.033, -2.1266549E-4, -0.0069785146, -0.0027989522, 0.046736937, 0.1266781, 0.19146723, 250.69067, 249.80826, 250.76518
0.033, 0.0027800866, -0.007577065, -0.006390255, 0.04682868, 0.12642805, 0.19125634, 250.6919, 249.80498, 250.77016
0.035, 0.0021815363, -0.008175615, -0.0010033017, 0.046905033, 0.1261419, 0.19122122, 250.69312, 249.8017, 250.77513
0.033, 9.844353E-4, -0.004584313, -0.0039960537, 0.046937518, 0.12599063, 0.19108935, 250.69434, 249.79842, 250.7801
0.034, -8.112159E-4, -0.0063799643, -4.0475093E-4, 0.046909936, 0.12577371, 0.19107558, 250.69556, 249.79515, 250.78508
0.034, -2.1266549E-4, -0.004584313, 0.002588001, 0.046902705, 0.12561785, 0.19116357, 250.69678, 249.79189, 250.79005
0.035, 9.844353E-4, -0.005182863, 0.002588001, 0.04693716, 0.12543644, 0.19125415, 250.698, 249.78862, 250.79503
0.037, 3.8588495E-4, -0.005781414, 0.006179304, 0.04695144, 0.12522253, 0.19148278, 250.69922, 249.78537, 250.8
